--name:
20221024_1609

--model type:
continuous_stirred_tank_reactor

--controlled system:
True

--lyapunov correction:
True

--learning rate:
0.0005

--number of epoches:
20

--number of batches:
100

--number of samples per batch:
100

--FNN fc1 weights:
Parameter containing:
tensor([[ 0.0705,  0.1391],
        [-0.2675,  0.2646],
        [-0.3384,  0.5455],
        [-0.1784,  0.3679],
        [-0.0864, -0.3539],
        [-0.3025,  0.3969],
        [ 0.3130,  0.0648],
        [ 0.6383, -0.3264],
        [ 0.1252, -0.0104],
        [-0.0900, -0.3349],
        [ 0.2259, -0.3057],
        [-0.6651,  0.5573],
        [ 0.6183, -0.4140],
        [ 0.0693,  0.0391],
        [ 0.0747, -0.1605],
        [ 0.6848, -0.3128],
        [ 0.2348, -0.2401],
        [ 0.1876,  0.1796],
        [-0.1153,  0.2384],
        [-0.3919,  0.3675],
        [-0.3859, -0.1296],
        [ 0.0537, -0.3589],
        [ 0.3565, -0.0786],
        [-0.0602,  0.3861],
        [ 0.0018,  0.1872],
        [ 0.4597, -0.5377],
        [-0.1614,  0.5114],
        [-0.2237,  0.1465],
        [ 0.0789,  0.4170],
        [-0.5265,  0.1131],
        [-0.0015,  0.0699],
        [-0.0213,  0.1986],
        [-0.2885,  0.1851],
        [ 0.0487,  0.2779],
        [-0.0049, -0.3306],
        [-0.1537,  0.4765],
        [ 0.4509, -0.1263],
        [-0.1130,  0.7203],
        [ 0.4656, -0.2820],
        [-0.2677,  0.6646],
        [ 0.0885,  0.0649],
        [ 0.0714, -0.2269],
        [ 0.4659, -0.4187],
        [ 0.0710,  0.0730],
        [ 0.6884, -0.6072],
        [-0.0051,  0.2738],
        [-0.5798,  0.4229],
        [-0.2328, -0.0621],
        [-0.2242,  0.3575],
        [-0.0766, -0.2768],
        [ 0.6073, -0.6366],
        [ 0.1901, -0.7406],
        [-0.2718, -0.1573],
        [ 0.3039, -0.4543],
        [-0.0379,  0.2226],
        [ 0.5997, -0.6457],
        [ 0.2252, -0.2101],
        [ 0.3769,  0.0226],
        [-0.1723, -0.0445],
        [-0.5028,  0.1892],
        [ 0.4691, -0.4031],
        [ 0.2320,  0.0240],
        [-0.2716, -0.0408],
        [-0.1709,  0.5965],
        [-0.0392, -0.2229],
        [ 0.1314, -0.2055],
        [-0.3937,  0.4425],
        [ 0.3041, -0.5007],
        [ 0.0139, -0.4734],
        [ 0.2568, -0.0378],
        [-0.2045, -0.0587],
        [ 0.3108, -0.1898],
        [ 0.3219, -0.1084],
        [-0.0802, -0.1812],
        [ 0.2109,  0.0325],
        [ 0.0795, -0.6223],
        [ 0.1093,  0.0372],
        [ 0.1186, -0.3910],
        [ 0.1797, -0.5686],
        [-0.4211,  0.1356]], requires_grad=True)

--GNN fc1 weights:
Parameter containing:
tensor([[11.3194,  9.7571],
        [-6.3145, -5.8044]], requires_grad=True)

--GNN fc1 bias:
Parameter containing:
tensor([ 9.1085, -3.1354], requires_grad=True)

--Testing loss:
tensor(964461.1250, grad_fn=<MulBackward0>)

--Training losses:
6022.5703125
4796.7978515625
4517.74169921875
3579.162109375
1634.7181396484375
2623.05810546875
2014.98828125
4150.75634765625
3107.935546875
1659.906494140625
1646.49072265625
2136.411865234375
4134.59130859375
4702.99755859375
1535.494384765625
1951.8114013671875
3861.728271484375
1225.578369140625
1263.604248046875
1344.32861328125
1297.9285888671875
2236.697509765625
1731.7845458984375
3175.39013671875
2144.327392578125
2426.319091796875
4567.59619140625
5004.2421875
4113.59814453125
2601.018798828125
1316.8060302734375
1780.86962890625
2007.134765625
4469.181640625
2972.75927734375
1053.3157958984375
871.3461303710938
1145.5216064453125
1660.6029052734375
3668.5244140625
1715.46142578125
2385.814208984375
4442.3837890625
3727.130126953125
3459.4521484375
2096.7705078125
2075.1611328125
4009.34765625
3411.5595703125
2005.5703125
1191.9520263671875
1907.5074462890625
1131.3817138671875
1461.9727783203125
2049.503173828125
4337.0146484375
3071.1787109375
1080.71435546875
1171.6463623046875
1589.1177978515625
1473.8616943359375
2589.352783203125
849.0897216796875
1041.29150390625
1931.211181640625
1862.7550048828125
3717.015869140625
2348.17236328125
1118.087890625
1447.344482421875
2620.30419921875
974.8109130859375
913.67919921875
799.8656005859375
1131.6658935546875
921.5527954101562
828.984375
783.8193359375
1046.3275146484375
1474.025390625
2390.45947265625
1582.404541015625
1804.71142578125
3249.545166015625
1983.87841796875
720.3848876953125
976.4006958007812
1198.7098388671875
2112.07421875
848.5711669921875
786.1502685546875
873.5004272460938
722.9373168945312
778.0299072265625
1105.6063232421875
1473.17529296875
839.798095703125
1123.1646728515625
1065.4193115234375
1094.7977294921875
891.060302734375
793.0487060546875
774.552490234375
990.7649536132812
916.8187255859375
1263.777587890625
853.1134033203125
1403.1953125
818.7715454101562
922.980224609375
1051.5242919921875
1517.244140625
699.7047729492188
858.6116333007812
1170.3671875
1957.723876953125
788.425537109375
906.0626220703125
1531.1519775390625
732.267822265625
1133.605712890625
803.6764526367188
988.9518432617188
952.1248779296875
1445.661865234375
694.3985595703125
736.472412109375
660.0435180664062
665.8751220703125
779.8834838867188
815.4874877929688
830.3834228515625
982.4718017578125
933.30859375
988.7694091796875
676.8705444335938
619.6259765625
664.2523193359375
690.3642578125
757.2501220703125
635.7528686523438
669.5379028320312
730.5765991210938
602.0886840820312
760.0309448242188
690.8106079101562
562.3548583984375
587.5867919921875
596.2501220703125
594.9080200195312
602.3804321289062
629.8194580078125
655.8021240234375
529.1287841796875
631.8368530273438
637.6574096679688
581.4091186523438
536.4138793945312
590.4636840820312
538.0537109375
662.6432495117188
604.8324584960938
500.9145202636719
723.2339477539062
1137.0284423828125
837.1632690429688
1110.4971923828125
574.9297485351562
658.6776123046875
705.305908203125
800.3253784179688
809.4194946289062
850.015625
684.3948364257812
927.723388671875
577.5914916992188
539.8734741210938
513.569091796875
526.2233276367188
568.8585815429688
583.9720458984375
573.1734619140625
695.4486083984375
738.7496948242188
631.8457641601562
520.8028564453125
566.2391967773438
604.2017211914062
580.2600708007812
570.8510131835938
532.87890625
559.841064453125
493.57635498046875
583.447509765625
744.8350830078125
802.9973754882812
565.7830200195312
605.070068359375
635.1674194335938
501.3531188964844
606.2705078125
530.508056640625
501.3475341796875
611.3238525390625
505.97259521484375
418.88690185546875
391.9976806640625
567.4837646484375
551.8442993164062
562.5814819335938
509.18304443359375
471.5228271484375
453.4746398925781
593.1016235351562
621.0823364257812
700.9912109375
485.13323974609375
455.070068359375
499.9026184082031
421.3123779296875
510.4287414550781
477.6661682128906
513.7312622070312
526.0228271484375
627.0936279296875
531.477294921875
564.938720703125
451.6832580566406
455.38916015625
520.6566162109375
457.2760314941406
480.645263671875
424.5339050292969
632.374267578125
568.0994262695312
432.5781555175781
364.52093505859375
451.2557678222656
448.6613464355469
516.9972534179688
426.95526123046875
421.70404052734375
506.6554870605469
419.23297119140625
423.7956848144531
453.6794738769531
420.2958984375
486.000732421875
438.86962890625
458.4117431640625
457.71575927734375
430.1518249511719
433.9903869628906
405.4542236328125
477.6790466308594
513.156494140625
447.2381896972656
413.4081115722656
424.7615661621094
371.8880310058594
477.1812744140625
428.7608947753906
321.48492431640625
426.54718017578125
474.9972839355469
444.47686767578125
486.71484375
410.463623046875
470.0664367675781
483.9441223144531
522.3592529296875
517.2789916992188
463.3986511230469
440.456787109375
578.8229370117188
411.67181396484375
373.3360595703125
359.1640930175781
381.3381652832031
401.2745666503906
415.8354187011719
417.16156005859375
514.0396118164062
503.91912841796875
447.72503662109375
348.9909362792969
425.2210693359375
435.9566955566406
422.6260070800781
400.3970642089844
346.16552734375
404.5664367675781
358.1519775390625
418.28271484375
506.8044128417969
480.19854736328125
402.0359802246094
405.3908386230469
448.2310791015625
355.0946350097656
456.8895568847656
391.3724670410156
374.01068115234375
454.8617858886719
360.4456481933594
295.2242431640625
281.509765625
418.1286926269531
414.4349365234375
431.1741943359375
384.00933837890625
358.04022216796875
336.9816589355469
467.9751892089844
454.00146484375
455.2311706542969
342.4079284667969
326.77008056640625
384.4617004394531
295.7568664550781
340.5266418457031
340.1484680175781
338.4553527832031
328.6405334472656
374.0133972167969
361.1949768066406
368.2703857421875
326.0956726074219
330.57476806640625
386.69085693359375
320.848876953125
335.8535461425781
283.3083801269531
461.3167419433594
373.1590576171875
312.73699951171875
259.0295104980469
340.8781433105469
341.9135437011719
397.6319885253906
330.09295654296875
309.173828125
376.2787780761719
307.3019714355469
312.6325988769531
335.0310974121094
288.07763671875
327.7389831542969
314.93121337890625
324.8741455078125
334.2060852050781
320.1103210449219
318.52874755859375
279.53387451171875
334.0992126464844
342.70648193359375
304.60626220703125
289.4300842285156
327.2989501953125
273.5791015625
359.4660339355469
320.9806213378906
237.3861083984375
332.8455505371094
373.82366943359375
332.2992858886719
343.3913879394531
283.5825500488281
326.5341491699219
362.8455505371094
395.8025817871094
387.798583984375
334.1584777832031
315.3431701660156
431.7347106933594
312.32489013671875
274.4877624511719
268.4198303222656
289.9728088378906
298.221435546875
311.2513427734375
321.0032043457031
395.4705810546875
366.60986328125
340.2816467285156
261.5714111328125
334.1785583496094
327.5212707519531
320.1244812011719
298.9349365234375
252.7339630126953
311.3902587890625
270.6859436035156
309.79803466796875
374.3692932128906
340.88824462890625
303.8195495605469
298.28350830078125
340.7144775390625
275.24322509765625
356.7975769042969
297.0704345703125
286.9205017089844
352.2138977050781
273.1582336425781
228.26356506347656
217.5115509033203
328.86138916015625
330.8323059082031
345.6286315917969
296.5603942871094
275.33465576171875
259.1877136230469
371.7047424316406
339.8271484375
330.18328857421875
265.1695251464844
253.17623901367188
306.11578369140625
217.68641662597656
246.80123901367188
267.4171447753906
255.6440887451172
237.2136993408203
274.12371826171875
271.9451599121094
275.2142028808594
250.42079162597656
257.04425048828125
307.8216247558594
246.4637451171875
256.8937683105469
218.16793823242188
364.9650573730469
275.9934997558594
246.75616455078125
199.64913940429688
270.9136962890625
274.7540283203125
318.7881164550781
268.13568115234375
236.80526733398438
294.5640869140625
245.11196899414062
244.95529174804688
265.3200988769531
220.96083068847656
251.0393524169922
246.25669860839844
253.7373809814453
265.3089294433594
252.82569885253906
249.50489807128906
217.09820556640625
257.10455322265625
265.34222412109375
235.05548095703125
228.48538208007812
265.8568420410156
215.24717712402344
286.98284912109375
254.78871154785156
184.52232360839844
263.37603759765625
291.4571228027344
252.49229431152344
264.3177185058594
212.75950622558594
255.7698974609375
290.92193603515625
321.80615234375
313.5456848144531
263.74261474609375
244.2984161376953
349.5257873535156
249.69680786132812
213.43865966796875
211.3993377685547
231.6776123046875
236.2025909423828
246.605712890625
257.9340515136719
319.02117919921875
285.6200866699219
271.4557800292969
210.40794372558594
273.74578857421875
259.8847351074219
257.4963073730469
238.95835876464844
199.12115478515625
249.82138061523438
216.7576446533203
244.91604614257812
295.2714538574219
263.9922180175781
242.5372772216797
238.48162841796875
275.1294250488281
226.20423889160156
289.2420959472656
236.40968322753906
233.97634887695312
287.5284729003906
220.5931854248047
188.15045166015625
177.51437377929688
271.1951904296875
274.137451171875
288.6199645996094
239.18991088867188
222.8592987060547
210.93548583984375
308.5835876464844
272.4561462402344
265.4763488769531
219.88465881347656
206.39523315429688
256.0619812011719
170.5408935546875
194.96958923339844
223.2657928466797
205.14962768554688
185.90638732910156
220.8427734375
219.86181640625
220.69073486328125
202.0587921142578
211.5116424560547
257.9774475097656
200.77444458007812
208.14344787597656
181.06246948242188
304.6316223144531
218.325439453125
206.81117248535156
162.30007934570312
225.15103149414062
230.94253540039062
266.29937744140625
229.14788818359375
190.74874877929688
243.0513458251953
208.41038513183594
201.612548828125
221.17837524414062
182.23773193359375
206.65982055664062
204.45864868164062
210.285888671875
222.53494262695312
208.16497802734375
204.148681640625
179.34857177734375
208.53231811523438
219.30917358398438
192.90283203125
190.37478637695312
225.43377685546875
179.09864807128906
240.1411590576172
211.54449462890625
151.39195251464844
218.84947204589844
242.05059814453125
207.90045166015625
217.61227416992188
169.42344665527344
211.9564208984375
244.69517517089844
274.18798828125
266.0533752441406
221.81353759765625
202.66224670410156
298.8505554199219
210.78733825683594
175.31460571289062
174.7229461669922
194.6720733642578
197.5016632080078
204.8726348876953
215.55601501464844
266.68658447265625
232.8706512451172
231.43235778808594
177.89805603027344
234.64247131347656
217.3397216796875
218.09361267089844
201.6648406982422
165.83079528808594
207.80140686035156
183.08203125
205.06468200683594
246.29042053222656
217.37217712402344
200.90167236328125
201.62046813964844
233.71951293945312
195.39601135253906
243.68356323242188
197.02413940429688
202.25827026367188
246.06085205078125
187.7306365966797
163.64710998535156
152.50376892089844
233.47987365722656
234.91766357421875
249.5468292236328
199.6725616455078
188.275146484375
180.4978790283203
266.55645751953125
231.70358276367188
227.82049560546875
192.43087768554688
176.13674926757812
223.1385955810547
142.28530883789062
162.7706756591797
195.0925750732422
172.6932830810547
154.68212890625
187.3207244873047
186.62252807617188
187.5741729736328
170.22279357910156
182.43714904785156
225.23190307617188
171.3755645751953
176.3560333251953
158.16200256347656
265.20953369140625
181.331787109375
181.0851287841797
138.06321716308594
195.00503540039062
202.14382934570312
231.86868286132812
204.97999572753906
162.53594970703125
211.0556182861328
186.7439727783203
173.2248992919922
192.400390625
158.99436950683594
178.05441284179688
178.6546173095703
181.6556854248047
194.38479614257812
178.26988220214844
173.82298278808594
156.91238403320312
177.5937042236328
191.11329650878906
166.09347534179688
165.32020568847656
197.98419189453125
155.96849060058594
209.281005859375
183.20420837402344
130.7311248779297
189.48025512695312
210.2877655029297
181.44973754882812
188.47853088378906
144.56695556640625
185.47108459472656
214.1232147216797
242.5230255126953
234.31907653808594
194.5970458984375
174.7211456298828
263.093017578125
185.48057556152344
151.60153198242188
150.92239379882812
170.6512908935547
173.0206756591797
177.25543212890625
186.7608184814453
231.4048614501953
199.20730590820312
204.39801025390625
157.7066192626953
209.13218688964844
191.49212646484375
194.33018493652344
178.6728057861328
144.28060913085938
180.263671875
163.28515625
181.07757568359375
214.43519592285156
188.7469940185547
173.81082153320312
179.41452026367188
207.36976623535156
175.3319854736328
213.6927490234375
171.3341522216797
180.48806762695312
217.24905395507812
166.22482299804688
149.1160430908203
136.7463836669922
208.32577514648438
207.39788818359375
222.3718719482422
172.8057403564453
164.26986694335938
159.99671936035156
235.77085876464844
204.4627685546875
204.37220764160156
175.13392639160156
156.0605010986328
201.43215942382812
125.14470672607422
142.8040008544922
177.8115997314453
151.67855834960938
136.05810546875
166.63233947753906
166.0836944580078
166.14512634277344
149.34332275390625
163.68173217773438
203.35020446777344
152.6855010986328
155.43795776367188
143.49273681640625
237.5879364013672
155.53721618652344
163.54324340820312
122.42623138427734
174.88771057128906
182.80429077148438
207.82215881347656
188.8566131591797
144.7752685546875
191.4001007080078
172.67584228515625
154.54638671875
173.5819854736328
144.5612030029297
158.7545623779297
162.903076171875
163.29934692382812
176.28469848632812
158.00155639648438
153.7598114013672
143.3720245361328
157.2818145751953
173.31008911132812
148.55902099609375
148.94708251953125
180.22471618652344
141.52003479003906
188.52239990234375
164.50567626953125
117.95199584960938
170.24667358398438
188.51991271972656
161.91415405273438
167.92745971679688
126.67176818847656
166.25474548339844
193.2216796875
221.400634765625
212.80577087402344
176.89047241210938
155.46365356445312
238.12109375
168.61392211914062
136.9213409423828
135.288330078125
155.47998046875
158.84295654296875
159.48745727539062
166.7902374267578
206.24989318847656
177.73866271972656
186.79750061035156
143.4454803466797
192.12599182128906
173.97671508789062
178.89659118652344
164.50181579589844
130.59840393066406
161.08450317382812
151.541748046875
166.4042510986328
193.14601135253906
168.662841796875
154.71250915527344
165.29095458984375
190.48370361328125
162.3245849609375
193.76541137695312
155.5732879638672
166.57655334472656
197.5720977783203
152.02061462402344
140.68655395507812
126.78504943847656
191.3224334716797
187.51144409179688
203.42530822753906
155.15362548828125
149.18563842773438
147.7656707763672
214.97909545898438
187.8687286376953
189.41143798828125
164.2697296142578
143.33154296875
187.5472412109375
114.01532745361328
130.32627868652344
166.14968872070312
137.89266967773438
124.66678619384766
153.2077178955078
152.6694793701172
152.7592315673828
135.36245727539062
151.18846130371094
188.51852416992188
140.44482421875
141.30357360839844
134.04701232910156
218.27615356445312
137.7307586669922
152.52008056640625
112.34169006347656
161.0830078125
170.08395385742188
191.8859100341797
178.9182586669922
133.33905029296875
179.17050170898438
163.13140869140625
142.13316345214844
160.96058654785156
135.95712280273438
145.8573455810547
152.73468017578125
151.01951599121094
164.257080078125
144.39515686035156
140.73902893066406
135.54637145996094
143.45989990234375
162.0989227294922
137.07492065429688
138.03440856933594
168.22244262695312
132.62913513183594
174.49359130859375
151.89053344726562
110.2906494140625
157.42051696777344
173.46267700195312
149.5675506591797
153.72972106933594
115.0619125366211
152.68548583984375
179.3366241455078
206.8125762939453
198.13226318359375
165.5413055419922
142.49545288085938
220.345947265625
157.31640625
127.0343246459961
124.90208435058594
145.82752990722656
150.24932861328125
147.38238525390625
152.96847534179688
190.3905792236328
163.053466796875
175.73963928222656
135.29795837402344
180.51258850097656
162.51136779785156
167.7794952392578
153.67832946777344
121.8244857788086
148.89413452148438
145.288818359375
157.84371948242188
180.10055541992188
156.1680450439453
141.6442108154297
156.87290954589844
179.69337463378906
154.1183624267578
178.8699951171875
144.7200469970703
157.83058166503906
184.74462890625
143.37562561035156
135.81715393066406
120.58063507080078
180.02003479003906
173.3740997314453
189.78822326660156
142.68588256835938
138.2990264892578
139.6759490966797
198.75062561035156
175.01759338378906
178.8007354736328
157.58021545410156
135.03768920898438
177.64801025390625
107.74776458740234
122.05795288085938
158.68133544921875
128.97543334960938
117.80179595947266
144.494873046875
143.95188903808594
143.92124938964844
126.0348892211914
143.29820251464844
178.72113037109375
132.07327270507812
131.6796112060547
128.29579162597656
204.38978576660156
125.14395904541016
144.4145965576172
105.61370849609375
151.57843017578125
161.7016143798828
181.53619384765625
172.6408233642578
126.75146484375
172.24380493164062
157.74305725097656
133.7003631591797
152.5768280029297
130.90652465820312
137.01048278808594
146.406494140625
142.80731201171875
156.1513671875
135.8992462158203
131.96054077148438
130.91297912597656
134.28672790527344
154.8956756591797
129.4943084716797
130.7598114013672
160.31661987304688
127.21045684814453
164.87208557128906
143.44061279296875
105.685546875
148.90611267089844
163.1376190185547
142.0076141357422
142.9201202392578
107.52645874023438
143.80824279785156
169.90625
196.57777404785156
187.8551788330078
158.525146484375
134.80206298828125
208.23733520507812
149.6072540283203
120.82412719726562
117.83269500732422
138.87391662597656
144.73126220703125
140.075927734375
142.86697387695312
179.14120483398438
155.889892578125
169.04721069335938
130.10203552246094
172.4650115966797
154.77247619628906
160.1782989501953
146.2701416015625
116.11503601074219
139.71493530273438
140.50303649902344
152.71475219726562
170.83755493164062
147.85693359375
132.2860870361328
152.10385131835938
172.9877471923828
148.69540405273438
168.38009643554688
137.02639770507812
151.6305694580078
175.4178924560547
137.62677001953125
133.270751953125
116.76302337646484
172.179931640625
162.95602416992188
179.80126953125
133.93832397460938
130.8837432861328
134.34315490722656
187.29202270507812
167.54269409179688
172.04354858398438
153.36647033691406
129.53836059570312
171.18582153320312
104.29878997802734
117.00060272216797
153.8253631591797
122.72774505615234
113.58740997314453
138.63381958007812
138.0802459716797
138.05078125
119.77943420410156
137.96524047851562
171.85708618164062
126.64524841308594
125.1903305053711
125.0079345703125
194.6330108642578
117.00276184082031
139.85379028320312
101.24285125732422
145.0079803466797
156.02957153320312
173.92755126953125
167.84278869628906
121.36898040771484
166.494140625
153.3743896484375
127.89321899414062
146.61727905273438
127.86354064941406
130.87730407714844
142.5349884033203
137.0812530517578
150.18202209472656
128.80442810058594
125.3349380493164
127.25291442871094
127.90650177001953
150.02117919921875
124.34043884277344
125.79936218261719
155.3287353515625
124.10652160644531
158.1251220703125
136.92324829101562
102.30838012695312
143.0668487548828
156.4345245361328
137.4883270263672
136.22825622558594
102.85816955566406
138.52552795410156
162.7674102783203
189.34869384765625
180.56564331054688
153.69537353515625
128.99301147460938
199.25010681152344
144.67588806152344
117.15970611572266
113.10887145996094
134.5392608642578
141.1295623779297
134.60650634765625
135.81321716308594
171.64930725097656
150.6069793701172
164.9091796875
127.30625915527344
166.85330200195312
149.95132446289062
155.10037231445312
140.7713165283203
112.35142517089844
133.57923889160156
138.60142517089844
149.49081420898438
163.44760131835938
141.67491149902344
125.25968170166016
148.6064910888672
168.1790008544922
145.2369842529297
160.524658203125
131.63706970214844
147.00209045410156
168.6294708251953
133.52024841308594
131.78631591796875
114.35043334960938
166.3857421875
155.10194396972656
172.59632873535156
127.80840301513672
125.86097717285156
130.9757843017578
178.3448028564453
161.6060028076172
167.28933715820312
150.69216918945312
125.48780059814453
166.4873046875
102.06533813476562
113.36257934570312
150.43177795410156
118.31971740722656
111.00286102294922
134.65292358398438
134.13491821289062
134.114501953125
115.4139404296875
134.32142639160156
166.89244079589844
122.90824127197266
120.61164093017578
122.90771484375
187.38525390625
110.73251342773438
136.10403442382812
98.43251037597656
140.3000946044922
152.05426025390625
168.74581909179688
164.98020935058594
118.18081665039062
163.62918090820312
151.02349853515625
123.72653198242188
142.64891052246094
126.23236846923828
126.57442474365234
140.12411499023438
133.22787475585938
145.92596435546875
123.35829162597656
120.80257415771484
125.1488037109375
123.41651153564453
146.75323486328125
120.8270492553711
122.37381744384766
151.7145538330078
122.12480163574219
153.41305541992188
132.63388061523438
100.49026489257812
138.84329223632812
151.00079345703125
134.38218688964844
131.3271484375
99.51976013183594
133.8906707763672
157.4752960205078
183.9832000732422
175.04090881347656
150.62802124023438
125.34683990478516
192.73773193359375
141.2398223876953
114.82049560546875
109.79801177978516
131.53402709960938
138.39854431152344
129.92605590820312
130.76824951171875
166.2955780029297
148.09603881835938
161.364501953125
124.08284759521484
163.17567443847656
146.85865783691406
151.9472198486328
137.1087646484375
110.27061462402344
128.98313903808594
136.91439819335938
147.01234436035156
158.50906372070312
137.318115234375
120.03316497802734
146.2818145751953
164.83395385742188
142.70521545410156
155.27708435058594
128.4751434326172
144.28659057617188
163.86767578125
130.67356872558594
130.93850708007812
112.80160522460938
162.33761596679688
149.12454223632812
167.091064453125
123.31476593017578
122.1314926147461
128.70816040039062
172.39273071289062
158.2134246826172
164.18020629882812
148.8627471923828
122.93022155761719
163.34371948242188
100.91046905517578
110.99725341796875
147.8241424560547
115.17642211914062
109.37218475341797
131.82200622558594
131.3517608642578
131.4003143310547
112.2890396118164
131.76907348632812
163.18310546875
120.25672912597656
117.22762298583984
121.63469696044922
181.91102600097656
106.18881225585938
133.23004150390625
96.242431640625
136.7436065673828
149.1227264404297
165.13064575195312
163.7016143798828
116.92588806152344
161.85948181152344
149.23333740234375
120.79009246826172
139.85899353027344
125.34152221679688
123.44589233398438
138.64117431640625
130.42654418945312
143.12481689453125
119.45399475097656
117.23072052001953
123.5436019897461
120.1613540649414
144.564453125
118.3324203491211
119.85043334960938
148.88075256347656
120.79356384277344
149.96261596679688
129.5272674560547
99.29519653320312
135.8055419921875
146.86936950683594
131.96133422851562
128.04554748535156
97.49726104736328
130.9703826904297
153.44338989257812
179.9145050048828
170.84230041503906
148.24729919433594
122.33614349365234
187.78944396972656
138.93089294433594
113.30972290039062
107.35308074951172
129.00888061523438
136.8403778076172
126.70880889892578
126.85189056396484
161.94839477539062
145.19247436523438
159.353759765625
122.6367416381836
160.2234649658203
144.54022216796875
149.26779174804688
134.20919799804688
108.26521301269531
125.87015533447266
136.04525756835938
145.77297973632812
154.93878173828125
133.59507751464844
115.29698944091797
144.28668212890625
162.29940795898438
140.86990356445312
151.26156616210938
126.08814239501953
142.17584228515625
159.97315979003906
128.7578125
130.53216552734375
111.84080505371094
159.31527709960938
144.46096801757812
162.81605529785156
119.85443115234375
119.2371826171875
126.91278839111328
166.92147827148438
154.79287719726562
161.62542724609375
147.6256866455078
120.97245788574219
160.32583618164062
99.8070297241211
108.626953125
145.66055297851562
112.79115295410156
108.23726654052734
129.79014587402344
129.2975311279297
129.41795349121094
109.95620727539062
129.75778198242188
160.33726501464844
118.29098510742188
114.68717193603516
120.77204895019531
177.60269165039062
103.06756591796875
131.41390991210938
94.8632583618164
134.1310577392578
146.96434020996094
162.28057861328125
162.0325927734375
115.21881866455078
160.71327209472656
148.18275451660156
118.563720703125
137.62071228027344
124.9329833984375
120.95844268798828
137.4505615234375
128.27029418945312
141.11293029785156
116.73326873779297
114.76653289794922
122.83305358886719
117.80730438232422
142.91773986816406
116.4628677368164
117.94961547851562
146.75009155273438
120.20504760742188
147.30575561523438
127.01839447021484
98.3041000366211
133.4699249267578
143.88186645507812
130.6562042236328
125.38546752929688
95.92387390136719
128.43601989746094
150.27113342285156
176.7260284423828
167.5966796875
146.53456115722656
120.17742156982422
183.80120849609375
136.8740997314453
112.20345306396484
105.5055923461914
127.23385620117188
135.78506469726562
124.23695373535156
123.89384460449219
158.88555908203125
143.23878479003906
157.24256896972656
121.31636810302734
157.97523498535156
142.62118530273438
146.94334411621094
131.56893920898438
106.57855224609375
123.67527770996094
135.61944580078125
144.69277954101562
151.96669006347656
131.08120727539062
112.00531005859375
142.91844177246094
160.414306640625
139.45587158203125
148.22021484375
124.39646911621094
140.8861846923828
157.12481689453125
127.25687408447266
130.17733764648438
111.10513305664062
156.86146545410156
140.7559814453125
159.52780151367188
117.23233032226562
117.06816864013672
125.60603332519531
162.6578369140625
151.99961853027344
159.31448364257812
146.72787475585938
119.70040893554688
158.5398406982422
99.38052368164062
107.34165954589844
144.05984497070312
110.85328674316406
107.41641235351562
128.19369506835938
127.71761322021484
127.87179565429688
108.13229370117188
128.2640380859375
158.0883026123047
116.76377868652344
112.6949691772461
120.15729522705078
174.22230529785156
100.4516372680664
129.75184631347656
93.64241027832031
132.00364685058594
145.17710876464844
160.2775115966797
160.927490234375
114.46949768066406
159.7516632080078
147.23983764648438
116.85554504394531
135.78233337402344
124.43228149414062
118.96402740478516
136.61106872558594
126.56869506835938
139.5519256591797
114.54505920410156
112.79754638671875
122.24250030517578
115.98350524902344
141.60865783691406
115.04119873046875
116.50477600097656
145.10360717773438
119.55103302001953
145.2181396484375
125.21533966064453
97.67426300048828
131.62806701660156
141.3781280517578
129.33505249023438
123.11266326904297
94.84258270263672
126.5156021118164
147.72532653808594
174.11827087402344
164.9820098876953
145.18455505371094
118.47569274902344
180.5947265625
135.2512664794922
111.38016510009766
104.06414794921875
125.90009307861328
135.16859436035156
122.330078125
121.60299682617188
156.5375213623047
141.80548095703125
155.569580078125
120.88034057617188
155.9951934814453
141.15838623046875
145.1680450439453
129.50027465820312
105.04603576660156
121.79985809326172
135.13636779785156
143.8182373046875
149.53118896484375
129.03564453125
108.91034698486328
141.9650115966797
159.0045623779297
138.1593475341797
145.83834838867188
122.9416732788086
139.5146484375
154.54226684570312
126.0892333984375
129.8553009033203
110.5258560180664
154.86856079101562
137.72940063476562
156.85986328125
115.112060546875
115.24432373046875
124.4697494506836
159.0843963623047
149.67538452148438
157.36605834960938
145.987060546875
118.6882553100586
157.08108520507812
99.0561294555664
106.2796630859375
142.65896606445312
109.26824188232422
106.76022338867188
126.90960693359375
126.47003936767578
126.62064361572266
106.69539642333984
127.08914947509766
156.2371826171875
115.50663757324219
111.08897399902344
119.65975952148438
171.3737335205078
98.27395629882812
128.26576232910156
92.61981201171875
130.25927734375
143.72232055664062
158.59361267089844
159.888916015625
113.49365997314453
158.8111114501953
146.20223999023438
115.48983764648438
134.33621215820312
124.0894775390625
117.3603515625
135.93048095703125
125.15018463134766
138.11807250976562
112.67327117919922
111.03172302246094
121.6185302734375
114.50172424316406
140.50457763671875
113.87239837646484
115.32475280761719
143.76382446289062
119.00959777832031
143.48788452148438
123.75959014892578
97.10983276367188
130.13221740722656
139.34703063964844
128.24053955078125
121.73628997802734
94.03913116455078
125.00577545166016
145.68222045898438
171.91705322265625
162.8594512939453
144.07470703125
117.15093231201172
177.96212768554688
133.447998046875
110.82256317138672
102.89649200439453
124.66835021972656
134.42173767089844
120.75270080566406
119.75648498535156
154.62863159179688
140.94461059570312
154.34152221679688
120.07778930664062
154.53199768066406
140.04367065429688
145.09002685546875
128.7646026611328
104.32821655273438
120.07831573486328
134.6015625
143.69178771972656
147.90890502929688
127.6462173461914
107.0250244140625
141.3117218017578
157.74612426757812
137.1399383544922
143.84095764160156
121.80149841308594
138.43890380859375
152.3366241455078
125.21005249023438
129.45643615722656
110.03602600097656
153.35829162597656
135.17413330078125
154.51280212402344
113.26025390625
113.66836547851562
123.35294342041016
155.9441680908203
147.63670349121094
156.0133819580078
145.22520446777344
117.6735610961914
156.0388946533203
98.87936401367188
105.39823150634766
141.24635314941406
107.89582824707031
106.20628356933594
125.7773208618164
125.41661834716797
125.64299774169922
105.44801330566406
126.1431884765625
154.59996032714844
114.37472534179688
109.76651763916016
119.12538146972656
168.992919921875
96.47806549072266
126.94640350341797
91.72113037109375
128.83177185058594
142.45021057128906
157.07081604003906
158.79954528808594
112.51905822753906
157.8966064453125
145.19627380371094
114.31333923339844
133.018798828125
123.6860580444336
115.98809051513672
135.32586669921875
123.93482208251953
136.97586059570312
111.19355010986328
109.6258544921875
121.17753601074219
113.29005432128906
139.51718139648438
112.8541259765625
114.28325653076172
142.5614471435547
118.49796295166016
142.00473022460938
122.56021118164062
96.79708099365234
128.9132843017578
137.5328826904297
126.9049301147461
119.91708374023438
93.09459686279297
123.42729949951172
143.90737915039062
170.06410217285156
161.0560760498047
143.03131103515625
115.91535949707031
175.7492218017578
132.1670684814453
110.21910095214844
101.88867950439453
123.6761703491211
133.93719482421875
119.427001953125
118.00758361816406
152.4991912841797
139.59446716308594
152.86062622070312
119.7767333984375
153.34461975097656
139.28179931640625
144.1418914794922
126.14847564697266
103.45442962646484
118.91220092773438
134.3686065673828
142.96017456054688
146.1680145263672
126.2730941772461
105.12379455566406
141.39739990234375
156.91848754882812
136.2560272216797
142.03952026367188
120.48107147216797
137.20175170898438
150.22044372558594
124.18513488769531
128.9427490234375
109.54146575927734
151.83152770996094
132.93975830078125
152.5680389404297
111.81092834472656
112.48280334472656
122.04867553710938
153.30088806152344
145.9944610595703
154.55453491210938
144.41441345214844
116.96192932128906
154.9130096435547
98.629638671875
104.53384399414062
139.83848571777344
106.70499420166016
105.7836685180664
124.81625366210938
124.80895233154297
125.0894775390625
104.66064453125
125.6153564453125
153.63819885253906
113.35163116455078
108.807861328125
118.63896942138672
166.45416259765625
95.13056182861328
125.97509765625
90.94790649414062
127.64485931396484
141.56626892089844
155.24594116210938
156.85260009765625
110.50284576416016
156.27256774902344
143.20413208007812
113.29548645019531
132.32484436035156
123.60800170898438
114.95732116699219
134.82530212402344
122.875
135.87692260742188
109.874755859375
107.97377014160156
120.385009765625
112.22576141357422
138.64385986328125
111.92607879638672
113.499755859375
141.74032592773438
118.05085754394531
140.6522674560547
121.51591491699219
96.17874145507812
127.79840850830078
136.11094665527344
125.51789855957031
118.21334075927734
92.18009185791016
121.97914123535156
142.51161193847656
168.2869110107422
159.58029174804688
142.3804931640625
115.70115661621094
174.5677490234375
131.17312622070312
109.64684295654297
101.0252456665039
122.85498809814453
133.36331176757812
118.25528717041016
116.47088623046875
150.82456970214844
138.4897003173828
151.63340759277344
118.98030090332031
152.2860870361328
138.39356994628906
143.1236114501953
124.98765563964844
102.66646575927734
117.8673324584961
134.00753784179688
142.6893768310547
144.83872985839844
125.11705780029297
102.77715301513672
139.45668029785156
155.288330078125
135.209228515625
140.6464080810547
119.32113647460938
136.10433959960938
148.35594177246094
123.26130676269531
128.40518188476562
109.0846176147461
150.48703002929688
131.00048828125
150.88388061523438
110.59578704833984
111.4293212890625
121.09333801269531
150.39657592773438
143.80413818359375
153.0326385498047
143.7439727783203
117.12571716308594
154.41571044921875
98.53677368164062
103.91712951660156
138.927978515625
105.47821807861328
105.23661804199219
123.82383728027344
123.76449584960938
124.20091247558594
103.82493591308594
124.93219757080078
152.4335174560547
112.42239379882812
107.85257720947266
118.12175750732422
164.50347900390625
93.59864044189453
124.72039031982422
90.172119140625
126.48577880859375
140.50888061523438
154.09445190429688
155.98170471191406
110.37776947021484
156.0835418701172
143.09515380859375
112.34310913085938
131.63113403320312
123.55254364013672
113.84005737304688
134.65296936035156
122.2027816772461
134.91458129882812
108.6834945678711
106.7535400390625
120.05854034423828
111.29800415039062
137.74363708496094
111.22650909423828
112.58909606933594
140.7505340576172
117.55606079101562
139.46563720703125
120.61122131347656
95.60420989990234
126.86262512207031
134.81723022460938
124.66297912597656
116.9228744506836
91.51290130615234
120.82335662841797
141.1663818359375
166.76055908203125
158.154052734375
142.1865997314453
115.8840103149414
173.72320556640625
130.17877197265625
109.16016387939453
100.29036712646484
122.13792419433594
132.777099609375
117.236083984375
115.28023529052734
149.6372833251953
137.6033935546875
150.5929412841797
118.25762176513672
151.28977966308594
138.32093811035156
143.03602600097656
125.44475555419922
102.21419525146484
116.61489868164062
133.29283142089844
141.79940795898438
143.31103515625
123.85614776611328
101.18475341796875
138.40109252929688
154.0912322998047
134.27899169921875
139.3147735595703
118.41902160644531
135.23004150390625
146.77113342285156
122.5221176147461
127.85585021972656
108.64859008789062
149.27520751953125
129.29808044433594
149.45187377929688
109.4312744140625
110.25631713867188
120.29936218261719
148.40345764160156
142.4496307373047
151.7108917236328
143.14317321777344
116.60417938232422
153.48904418945312
98.19871520996094
103.13516998291016
137.72640991210938
104.48007202148438
104.7137451171875
122.96011352539062
122.89634704589844
123.38053131103516
102.88752746582031
124.11424255371094
151.14486694335938
111.51918029785156
106.94334411621094
117.5062255859375
163.05642700195312
92.84490966796875
124.05451202392578
89.52532958984375
125.46914672851562
139.54092407226562
152.99801635742188
155.05328369140625
109.62593841552734
155.21224975585938
142.20101928710938
111.51625061035156
129.6096954345703
122.12393188476562
112.4151611328125
133.7285614013672
121.0664291381836
134.04913330078125
107.70714569091797
105.74401092529297
119.62920379638672
110.45171356201172
136.8456573486328
110.42658996582031
111.77801513671875
139.79400634765625
117.07679748535156
138.37620544433594
119.66934204101562
94.86593627929688
125.90170288085938
133.68795776367188
123.9623031616211
115.8280258178711
90.85042572021484
119.70361328125
139.91482543945312
165.31524658203125
156.8360595703125
141.27891540527344
114.98603057861328
172.0947265625
129.0636749267578
108.58029174804688
99.53897857666016
121.29563903808594
132.15621948242188
116.24810028076172
114.25566101074219
148.4955291748047
136.42410278320312
149.33274841308594
117.4931411743164
150.3752899169922
137.45834350585938
142.0592498779297
124.29736328125
101.4888687133789
115.74454498291016
132.82501220703125
141.0911407470703
141.95301818847656
122.82185363769531
99.83965301513672
137.41958618164062
153.00514221191406
133.37522888183594
