--name:
20221024_1604

--model type:
continuous_stirred_tank_reactor

--controlled system:
True

--lyapunov correction:
True

--learning rate:
0.0005

--number of epoches:
1

--number of batches:
100

--number of samples per batch:
100

--FNN fc1 weights:
Parameter containing:
tensor([[-1.5406e-01, -5.0172e-01],
        [ 2.4754e-01, -3.3571e-01],
        [-1.2781e-01,  2.8509e-01],
        [-9.4278e-02,  3.2257e-01],
        [-1.2948e-02,  1.3256e-01],
        [-3.4730e-04,  3.8099e-01],
        [ 1.6144e-02,  2.3912e-01],
        [ 1.0556e-01,  1.5444e-01],
        [-4.5303e-01,  7.3256e-01],
        [-2.9747e-01,  1.3600e-02],
        [ 5.1172e-02,  2.3889e-01],
        [-6.5553e-02, -2.1897e-01],
        [-2.6648e-01,  2.9943e-01],
        [-7.6239e-02,  3.6911e-01],
        [ 3.0863e-01, -4.0431e-01],
        [-2.5920e-01,  5.7558e-01],
        [-3.8322e-01,  1.5243e-01],
        [ 2.8579e-01, -5.0557e-01],
        [-2.5213e-02,  1.6913e-02],
        [ 4.4800e-02, -2.8812e-01],
        [-2.4834e-01, -4.2591e-02],
        [ 3.0431e-01, -5.2737e-01],
        [ 2.2307e-01, -4.3907e-01],
        [-2.8463e-01,  9.2331e-02],
        [ 4.6893e-02, -4.3010e-01],
        [-1.7228e-01, -1.5549e-01],
        [-6.9316e-02, -1.1482e-01],
        [-6.6865e-03, -1.4968e-01],
        [ 3.0131e-01, -3.2406e-01],
        [-4.0876e-02, -3.9548e-03],
        [-3.5010e-03,  7.5797e-02],
        [-9.3063e-02,  9.3296e-02],
        [-1.4101e-01,  3.5014e-02],
        [-2.2352e-01,  2.1931e-01],
        [-2.3527e-02, -1.1458e-01],
        [ 2.7340e-01, -5.1240e-01],
        [ 7.2787e-02, -3.1387e-01],
        [ 8.6285e-02, -4.0150e-01],
        [ 2.3763e-02, -6.9097e-02],
        [-1.0453e-01,  3.9750e-01],
        [-5.2489e-02,  4.5080e-01],
        [ 1.2842e-01, -3.1750e-01],
        [-1.9086e-01,  4.9544e-01],
        [ 1.7573e-01, -2.3438e-01],
        [-1.6408e-01, -1.9407e-01],
        [ 2.7126e-01, -2.5476e-01],
        [-1.1562e-01, -2.1749e-01],
        [ 1.0293e-01, -1.2366e-01],
        [-9.5999e-02, -2.9924e-01],
        [ 1.9730e-01, -5.0274e-01],
        [ 7.2488e-02, -4.2405e-01],
        [ 1.6782e-01, -6.3893e-01],
        [ 8.6001e-02,  4.7808e-01],
        [ 7.8527e-02, -3.5914e-01],
        [ 2.1356e-01,  8.3625e-02],
        [-2.1631e-01,  1.5025e-01],
        [-4.9718e-02,  8.7822e-02],
        [-3.9174e-02, -2.4414e-01],
        [ 1.0432e-01, -3.5214e-01],
        [ 3.8990e-01, -2.6692e-01],
        [ 4.8825e-01, -4.8096e-01],
        [-3.8531e-01,  2.8815e-01],
        [ 3.4192e-01, -1.4150e-01],
        [ 1.4880e-01, -5.9304e-01],
        [-3.1477e-01,  2.7583e-01],
        [ 2.2636e-01, -3.5463e-01],
        [ 1.3629e-01, -5.2215e-01],
        [-2.4284e-01,  1.7027e-01],
        [ 2.1573e-01, -1.6590e-01],
        [ 2.0099e-01, -2.1887e-01],
        [-4.6179e-01,  6.9870e-01],
        [-3.4778e-01,  3.5606e-01],
        [-1.8573e-01,  2.9438e-01],
        [ 1.2927e-01,  2.3388e-01],
        [ 3.8100e-01, -5.6810e-01],
        [-2.2572e-01,  4.5068e-01],
        [ 3.0345e-02,  3.7540e-02],
        [-4.4187e-01,  3.8880e-01],
        [ 3.8126e-01, -5.8509e-01],
        [ 9.9832e-02,  8.9391e-02]], requires_grad=True)

--GNN fc1 weights:
Parameter containing:
tensor([[ 3.2588,  2.2737],
        [-0.5019, -0.4011]], requires_grad=True)

--GNN fc1 bias:
Parameter containing:
tensor([ 1.9573, -0.7158], requires_grad=True)

--Testing loss:
tensor(56977.2422, grad_fn=<MulBackward0>)

--Training losses:
5088.27783203125
4161.51123046875
4507.986328125
2353.8447265625
1733.4671630859375
2981.708740234375
1686.10009765625
1756.068115234375
2370.84228515625
4512.73193359375
4389.7294921875
2881.772705078125
3558.498291015625
5679.49609375
5231.95849609375
4184.95166015625
5533.32470703125
4437.50244140625
4987.1728515625
5590.44921875
5753.18603515625
4563.6953125
4302.609375
4593.609375
5199.24560546875
4422.54541015625
3341.86328125
1414.4210205078125
1455.1864013671875
2714.868896484375
5028.94482421875
4297.74853515625
3587.789306640625
1803.2183837890625
1992.8638916015625
3910.876708984375
2281.283447265625
1089.0389404296875
1417.10986328125
2883.49462890625
4368.2900390625
5175.3447265625
4514.72509765625
5303.2412109375
3850.9609375
3615.312744140625
1795.8779296875
1330.731201171875
2458.686279296875
1167.4801025390625
1199.561767578125
1052.5369873046875
1357.211181640625
2169.092529296875
4450.5244140625
2789.7197265625
1257.614990234375
1202.351806640625
1394.4901123046875
1115.4345703125
1709.8154296875
1916.3465576171875
3801.583251953125
2945.98876953125
1249.161865234375
1308.3277587890625
2976.18017578125
986.573974609375
1032.0264892578125
1287.0360107421875
1215.207275390625
2352.94970703125
810.8973999023438
784.3358154296875
1101.255859375
1649.128662109375
1024.7554931640625
909.1809692382812
1004.8916015625
1619.122314453125
1014.4497680664062
1488.7982177734375
746.8848266601562
833.1150512695312
1288.5933837890625
2827.6171875
851.8613891601562
841.7197265625
756.1359252929688
934.4801635742188
1220.715087890625
984.2216186523438
1716.7646484375
713.6290283203125
697.8555297851562
715.673828125
690.0408325195312
833.237548828125
616.7401123046875
806.7029418945312
