--name:
20221114_1109

--model type:
DHO

--controlled system:
True

--lyapunov correction:
False

--learning rate:
0.01

--number of epoches:
1

--number of batches:
1024

--number of samples per batch:
512

--FNN fc1 weights:
Parameter containing:
tensor([[-3.8077e-04,  8.3211e-01],
        [-4.9998e-01, -1.7053e-01]], requires_grad=True)

--GNN fc1 weights:
Parameter containing:
tensor([[-0.0022, -0.3383],
        [-0.0946,  0.3029]], requires_grad=True)

--GNN fc1 bias:
Parameter containing:
tensor([ 0.0015, -0.9359], requires_grad=True)

--Testing loss:
tensor(0.0095, grad_fn=<MulBackward0>)

--Training losses:
0.6733906269073486
0.7219282388687134
0.6770601272583008
0.6676298975944519
0.666771411895752
0.6651044487953186
0.6623748540878296
0.6916387677192688
0.623745322227478
0.593250036239624
0.5581640005111694
0.5663122534751892
0.579262375831604
0.5566394329071045
0.5624891519546509
0.5357363224029541
0.5640987753868103
0.5385220050811768
0.4737856984138489
0.5784572958946228
0.5279640555381775
0.4948280453681946
0.5366700887680054
0.5045594573020935
0.5149930715560913
0.46783649921417236
0.47295522689819336
0.4643523097038269
0.4602527320384979
0.46320676803588867
0.4422556161880493
0.4514161944389343
0.4124513268470764
0.42812731862068176
0.4021274745464325
0.4162573218345642
0.39856627583503723
0.4155315160751343
0.41988474130630493
0.37026330828666687
0.38345277309417725
0.39424026012420654
0.3755371868610382
0.3711695671081543
0.38280797004699707
0.35703352093696594
0.36351221799850464
0.38096070289611816
0.37406009435653687
0.3453916311264038
0.3351809084415436
0.31641852855682373
0.3281780779361725
0.3427756428718567
0.31034934520721436
0.3163405954837799
0.299681156873703
0.3029566705226898
0.33067211508750916
0.30820244550704956
0.3123186230659485
0.3085658848285675
0.2923705279827118
0.28281426429748535
0.29389965534210205
0.2760261595249176
0.3102457821369171
0.2820853888988495
0.2626558840274811
0.2984991669654846
0.2684974670410156
0.2651062607765198
0.26716506481170654
0.27396160364151
0.259024977684021
0.25273096561431885
0.25277188420295715
0.2435636818408966
0.2473735511302948
0.24920222163200378
0.2273881435394287
0.2366580367088318
0.2435143142938614
0.21294915676116943
0.231440931558609
0.21574167907238007
0.206325963139534
0.2263403683900833
0.24010659754276276
0.21091632544994354
0.22059199213981628
0.20926052331924438
0.19962723553180695
0.1972339004278183
0.20564942061901093
0.21566133201122284
0.20340853929519653
0.20855800807476044
0.19656424224376678
0.20814470946788788
0.19259247183799744
0.18605360388755798
0.19109749794006348
0.18767639994621277
0.18443942070007324
0.18755504488945007
0.17289890348911285
0.17851710319519043
0.1811390072107315
0.17496731877326965
0.16862906515598297
0.18053224682807922
0.1666031777858734
0.1741713136434555
0.16949531435966492
0.15226984024047852
0.15714989602565765
0.1699761301279068
0.15814968943595886
0.153864324092865
0.16233740746974945
0.15328146517276764
0.1551680862903595
0.15046794712543488
0.1307179033756256
0.15327343344688416
0.15392538905143738
0.14697836339473724
0.1510961502790451
0.14540311694145203
0.14072635769844055
0.14747090637683868
0.13984939455986023
0.14586958289146423
0.14193077385425568
0.13809579610824585
0.14850527048110962
0.14498020708560944
0.13648544251918793
0.1399766504764557
0.13919124007225037
0.14533205330371857
0.13709311187267303
0.13431861996650696
0.13288895785808563
0.12035071849822998
0.129063218832016
0.14216428995132446
0.13635264337062836
0.12627074122428894
0.1341358870267868
0.12079259008169174
0.12052477896213531
0.12221945822238922
0.12715253233909607
0.12251477688550949
0.11730169504880905
0.11345486342906952
0.12073631584644318
0.11242150515317917
0.12242475152015686
0.11801763623952866
0.11062930524349213
0.11074385046958923
0.11222301423549652
0.11001915484666824
0.10963214933872223
0.11204513162374496
0.11192618310451508
0.11798464506864548
0.11256298422813416
0.11015015095472336
0.10687555372714996
0.10339866578578949
0.10406844317913055
0.0937625914812088
0.10617800056934357
0.09653908014297485
0.10554642975330353
0.10360007733106613
0.09984541684389114
0.09876406192779541
0.10232384502887726
0.10286927223205566
0.0969807356595993
0.09881602972745895
0.09305325150489807
0.09757675975561142
0.10121788084506989
0.08940374106168747
0.1025846004486084
0.09301167726516724
0.08968216180801392
0.09310699254274368
0.09792585670948029
0.08894454687833786
0.09197640419006348
0.08620704710483551
0.09197060018777847
0.08701736479997635
0.09633942693471909
0.0929328054189682
0.08886821568012238
0.08817261457443237
0.09231650829315186
0.0960359126329422
0.08303989470005035
0.08980850875377655
0.08890022337436676
0.08356357365846634
0.08162465691566467
0.08938425779342651
0.08404025435447693
0.08642181009054184
0.08288922160863876
0.085395947098732
0.08686094731092453
0.0878804624080658
0.08383695781230927
0.07930803298950195
0.08041741698980331
0.07200144231319427
0.08481472730636597
0.0789165049791336
0.07770383358001709
0.07835645228624344
0.07439863681793213
0.07309989631175995
0.08547688275575638
0.07335728406906128
0.07712706923484802
0.07798392325639725
0.07624301314353943
0.07440110296010971
0.08167016506195068
0.06887757778167725
0.07703247666358948
0.08039610087871552
0.07705595344305038
0.07152589410543442
0.07395801693201065
0.06888813525438309
0.0721503421664238
0.07061678916215897
0.07080236822366714
0.07332614809274673
0.07464146614074707
0.07593290507793427
0.0708903968334198
0.07002806663513184
0.07317695766687393
0.06716293841600418
0.0710366815328598
0.06871912628412247
0.06849382072687149
0.07058306783437729
0.07060914486646652
0.06708437204360962
0.06883900612592697
0.06703513115644455
0.06900084018707275
0.06526115536689758
0.06811167299747467
0.06582316011190414
0.06622587889432907
0.07010532915592194
0.06677114963531494
0.06971704214811325
0.06525169312953949
0.06328829377889633
0.062487706542015076
0.05899304896593094
0.06835274398326874
0.06609465181827545
0.0655059665441513
0.06454286724328995
0.06160746142268181
0.0648595318198204
0.06482402235269547
0.05899914354085922
0.06272338330745697
0.06076603755354881
0.06311793625354767
0.06399516761302948
0.06289418041706085
0.06557799875736237
0.06339198350906372
0.055618368089199066
0.06084350496530533
0.05742939934134483
0.0635930746793747
0.05884004756808281
0.06314907222986221
0.0637916773557663
0.05853691324591637
0.05764499679207802
0.06196776032447815
0.060582004487514496
0.06710188835859299
0.06093447282910347
0.05599149316549301
0.061697520315647125
0.05773515999317169
0.05566602572798729
0.05582132562994957
0.05574320629239082
0.05487748235464096
0.05756212770938873
0.052758052945137024
0.05412409082055092
0.048644762486219406
0.05857044830918312
0.06101759895682335
0.05477622151374817
0.050369586795568466
0.056219082325696945
0.05435311794281006
0.05802804231643677
0.057867106050252914
0.052397336810827255
0.058424703776836395
0.055050451308488846
0.054642293602228165
0.05385160073637962
0.05542721599340439
0.05582486093044281
0.060443099588155746
0.05638115108013153
0.05643311142921448
0.053744688630104065
0.055390045046806335
0.05220291018486023
0.05309619754552841
0.053710125386714935
0.05279874801635742
0.052140820771455765
0.051874708384275436
0.05313844606280327
0.05156634375452995
0.05164099857211113
0.04705394059419632
0.0568736232817173
0.048921599984169006
0.045084159821271896
0.05261213704943657
0.057271841913461685
0.05129743739962578
0.05050872266292572
0.05193912610411644
0.04978487640619278
0.048519983887672424
0.04904237762093544
0.049398019909858704
0.05100240558385849
0.05031181126832962
0.050081778317689896
0.051448527723550797
0.046950794756412506
0.04891999810934067
0.04939977824687958
0.0508161298930645
0.048905275762081146
0.05272586643695831
0.04669240117073059
0.047179631888866425
0.048576489090919495
0.045843858271837234
0.04527163878083229
0.04370388388633728
0.04464379698038101
0.045497775077819824
0.050332553684711456
0.044474419206380844
0.04540503770112991
0.047619398683309555
0.044922299683094025
0.04666055366396904
0.04659847915172577
0.04605492949485779
0.044181134551763535
0.047386132180690765
0.04807277023792267
0.04272758960723877
0.04521108418703079
0.045009661465883255
0.047099769115448
0.044233132153749466
0.04736827313899994
0.0426848940551281
0.0447438545525074
0.04730362445116043
0.04664138704538345
0.0431782528758049
0.045788828283548355
0.04526916891336441
0.0460057370364666
0.043899960815906525
0.04248495399951935
0.041607487946748734
0.04375699162483215
0.0469953753054142
0.0430111289024353
0.04098778963088989
0.04003196582198143
0.04086580500006676
0.040562063455581665
0.042370814830064774
0.042274486273527145
0.04163326695561409
0.04135776683688164
0.03769537806510925
0.042055562138557434
0.040493231266736984
0.044755369424819946
0.038513701409101486
0.04356784373521805
0.04284129664301872
0.039328768849372864
0.041618604212999344
0.04188378155231476
0.0433897003531456
0.042091771960258484
0.04141799733042717
0.03618863597512245
0.03748998045921326
0.04425854608416557
0.04066122695803642
0.0394652858376503
0.03811660781502724
0.042695801705121994
0.037144679576158524
0.039601027965545654
0.04023062065243721
0.03745631128549576
0.03898492455482483
0.03987401723861694
0.037164561450481415
0.03833591938018799
0.03637232631444931
0.03762774169445038
0.036596544086933136
0.03822619095444679
0.03665335476398468
0.038227494806051254
0.04046575725078583
0.035834409296512604
0.03472090885043144
0.04083344340324402
0.03732084482908249
0.037696532905101776
0.03523818776011467
0.037164222449064255
0.03767525404691696
0.03402094915509224
0.0387684591114521
0.040495213121175766
0.036223482340574265
0.037683963775634766
0.03669500723481178
0.03431401029229164
0.03632538765668869
0.03773093968629837
0.03774439916014671
0.03265538439154625
0.03828595206141472
0.03583678603172302
0.03673233836889267
0.03589687496423721
0.03738793730735779
0.034970395267009735
0.03486509621143341
0.03573239594697952
0.03616639971733093
0.03531207889318466
0.03634275868535042
0.03631586581468582
0.03674566000699997
0.03456579148769379
0.03684495761990547
0.03438945859670639
0.034649018198251724
0.031459495425224304
0.03298264741897583
0.03420022130012512
0.03365921229124069
0.0326712392270565
0.03541429340839386
0.03416687995195389
0.03229013457894325
0.032746028155088425
0.034180499613285065
0.03693710267543793
0.0338764563202858
0.03171791881322861
0.03268461301922798
0.0341065414249897
0.03470580279827118
0.03079131990671158
0.0324634425342083
0.034624647349119186
0.03206143528223038
0.03190162032842636
0.03180095553398132
0.033503614366054535
0.030808856710791588
0.03273601457476616
0.030917003750801086
0.0322602353990078
0.033916570246219635
0.03314623981714249
0.03139340132474899
0.03366754576563835
0.0315156914293766
0.03305146098136902
0.030067438259720802
0.03131641447544098
0.03086230345070362
0.03165234625339508
0.03148657828569412
0.02945653907954693
0.03165799379348755
0.033356618136167526
0.029183227568864822
0.032487500458955765
0.03109056130051613
0.029351672157645226
0.026609228923916817
0.030394624918699265
0.02987934835255146
0.029774203896522522
0.031850919127464294
0.027602432295680046
0.030377084389328957
0.02924453094601631
0.03177789971232414
0.029987959191203117
0.0295044407248497
0.030412569642066956
0.029361242428421974
0.028634699061512947
0.028145495802164078
0.028389638289809227
0.028758348897099495
0.027106646448373795
0.02672385610640049
0.02701667509973049
0.029542215168476105
0.03010498359799385
0.028137775138020515
0.029286736622452736
0.027443472295999527
0.028765717521309853
0.025389041751623154
0.026764683425426483
0.027228927239775658
0.028055522590875626
0.026720788329839706
0.029595788568258286
0.02807791158556938
0.029697906225919724
0.027427231892943382
0.028637167066335678
0.0250233244150877
0.027193937450647354
0.02475312352180481
0.029875395819544792
0.027217769995331764
0.024757850915193558
0.02926090732216835
0.027575861662626266
0.027856027707457542
0.029188361018896103
0.028100084513425827
0.028967734426259995
0.02812531404197216
0.02492455765604973
0.024504611268639565
0.024304332211613655
0.02689356915652752
0.02776983752846718
0.025701411068439484
0.0282871276140213
0.026279401034116745
0.027532780542969704
0.026395993307232857
0.023587597534060478
0.026587868109345436
0.026017000898718834
0.026187483221292496
0.022829484194517136
0.02443612553179264
0.02569616585969925
0.023527150973677635
0.02706962637603283
0.02484893426299095
0.028440259397029877
0.023680970072746277
0.023504089564085007
0.023064613342285156
0.022850310429930687
0.023527804762125015
0.02487320639193058
0.025394435971975327
0.025352559983730316
0.026645831763744354
0.022094156593084335
0.02429073490202427
0.02464965172111988
0.025635963305830956
0.02607773058116436
0.022305326536297798
0.025394804775714874
0.024399498477578163
0.023191804066300392
0.023338088765740395
0.025634724646806717
0.0243034940212965
0.023713160306215286
0.02464429847896099
0.024470623582601547
0.025357337668538094
0.024998273700475693
0.023318201303482056
0.02515285089612007
0.024462586268782616
0.024289431050419807
0.024489305913448334
0.02342883124947548
0.021400494500994682
0.024296458810567856
0.02343110181391239
0.02394966594874859
0.021772470325231552
0.022136162966489792
0.022002113983035088
0.02503577433526516
0.021841250360012054
0.022294459864497185
0.023094695061445236
0.023535102605819702
0.023132136091589928
0.02150428295135498
0.023696226999163628
0.020821595564484596
0.02285877801477909
0.022122276946902275
0.024661200121045113
0.021335294470191002
0.022618617862462997
0.023011568933725357
0.022691035643219948
0.021184926852583885
0.021504178643226624
0.021399080753326416
0.023187905550003052
0.02210165001451969
0.01994967833161354
0.022642159834504128
0.022672612220048904
0.021631937474012375
0.022915087640285492
0.022148296236991882
0.02208126150071621
0.02294660359621048
0.021324163302779198
0.019793309271335602
0.020882707089185715
0.021091405302286148
0.02196665108203888
0.02168196253478527
0.02020517736673355
0.021368900313973427
0.020442239940166473
0.01969602145254612
0.021435029804706573
0.022053558379411697
0.020541835576295853
0.021711120381951332
0.019793225452303886
0.02383742295205593
0.021672459319233894
0.020559128373861313
0.018637601286172867
0.020137039944529533
0.022175246849656105
0.0193851999938488
0.020631199702620506
0.018508540466427803
0.021222885698080063
0.01934153027832508
0.0206591859459877
0.02041769027709961
0.01934419944882393
0.01912277564406395
0.02083996683359146
0.0194814782589674
0.018951842561364174
0.019546661525964737
0.020425671711564064
0.021900814026594162
0.02018336020410061
0.02116815745830536
0.02041250467300415
0.019346296787261963
0.01876712776720524
0.01887202262878418
0.019175658002495766
0.01852289028465748
0.018564268946647644
0.020939938724040985
0.018787700682878494
0.017201026901602745
0.018102392554283142
0.018489837646484375
0.018762266263365746
0.018239395692944527
0.01951180025935173
0.0207894928753376
0.020032662898302078
0.018217571079730988
0.019280077889561653
0.018317420035600662
0.018577970564365387
0.019102435559034348
0.017426326870918274
0.017462659627199173
0.018439920619130135
0.017646873369812965
0.018384631723165512
0.01631942391395569
0.02053241990506649
0.01682068221271038
0.017175160348415375
0.019417820498347282
0.01796521432697773
0.01836555078625679
0.017056826502084732
0.01787518709897995
0.017741017043590546
0.018795805051922798
0.017434895038604736
0.016447750851511955
0.018247274681925774
0.018312731757760048
0.01854984648525715
0.01624598726630211
0.019563017413020134
0.018281104043126106
0.01661304198205471
0.01618316024541855
0.016511058434844017
0.018240932375192642
0.016788724809885025
0.01613384298980236
0.016869183629751205
0.016271961852908134
0.017569120973348618
0.014803529717028141
0.016532959416508675
0.016935022547841072
0.01695672981441021
0.016414504498243332
0.016770262271165848
0.01709294132888317
0.016866393387317657
0.015623149462044239
0.016811493784189224
0.016212496906518936
0.01795128360390663
0.015663010999560356
0.016026439145207405
0.017558975145220757
0.014343269169330597
0.016427578404545784
0.01756245084106922
0.016771769151091576
0.015902886167168617
0.0186287984251976
0.015685155987739563
0.01658002659678459
0.01624223217368126
0.016010470688343048
0.014552794396877289
0.015329554677009583
0.015790089964866638
0.01512865349650383
0.014516942203044891
0.016373779624700546
0.01618392951786518
0.015742585062980652
0.01580556482076645
0.014910401776432991
0.014842718839645386
0.014678684063255787
0.014753047376871109
0.016791660338640213
0.01669185981154442
0.014927884563803673
0.015036561526358128
0.015242795459926128
0.015081715770065784
0.01453289482742548
0.014964371919631958
0.015114160254597664
0.017026908695697784
0.015699680894613266
0.014000874012708664
0.013730884529650211
0.014508250169456005
0.016201935708522797
0.0146159203723073
0.013736724853515625
0.01587739773094654
0.014653956517577171
0.014929456636309624
0.015183026902377605
0.013635620474815369
0.016770703718066216
0.01470940187573433
0.014840329997241497
0.014614900574088097
0.014291328378021717
0.01406120602041483
0.014078553766012192
0.014184154570102692
0.0158438328653574
0.0144181028008461
0.0159230288118124
0.014851134270429611
0.013445639982819557
0.013907619751989841
0.013216650113463402
0.01365617010742426
0.014134922996163368
0.01413172110915184
0.01554071344435215
0.013893693685531616
0.012970555573701859
0.013615488074719906
0.013645702041685581
0.013300599530339241
0.014430130831897259
0.014985166490077972
0.013344294391572475
0.01325584389269352
0.013512699864804745
0.015024244785308838
0.014326264150440693
0.013221249915659428
0.0141578558832407
0.014696221798658371
0.01306295394897461
0.013067113235592842
0.014356794767081738
0.013390136882662773
0.015034742653369904
0.013419205322861671
0.013825064525008202
0.013299466110765934
0.01261112466454506
0.012944653630256653
0.013864191249012947
0.012817012146115303
0.014041680842638016
0.014299695380032063
0.013387417420744896
0.01294129528105259
0.012471118941903114
0.013815847225487232
0.013232817873358727
0.013755829073488712
0.012429107911884785
0.012414935976266861
0.013057087548077106
0.01294492743909359
0.013494491577148438
0.014306917786598206
0.011935651302337646
0.013288323767483234
0.013228235766291618
0.0132026057690382
0.012521527707576752
0.013153206557035446
0.011858603917062283
0.0123509606346488
0.012587804347276688
0.01336761936545372
0.012209848500788212
0.01328267715871334
0.01283236127346754
0.012290903367102146
0.012252919375896454
0.01420515775680542
0.012027629651129246
0.013676207512617111
0.011378960683941841
0.011235293932259083
0.011792353354394436
0.011002260260283947
0.011400409042835236
0.011762088164687157
0.013434743508696556
0.012271945364773273
0.012512048706412315
0.01110332552343607
0.013001670129597187
0.011955421417951584
0.01149290706962347
0.011023947037756443
0.012998952530324459
0.011773303151130676
0.011971760541200638
0.012146332301199436
0.011977323330938816
0.011503600515425205
0.011946680024266243
0.011928245425224304
0.010830363258719444
0.011911565437912941
0.011284168809652328
0.011062875390052795
0.011327304877340794
0.010366231203079224
0.010266914032399654
0.011256187222898006
0.012546991929411888
0.011953096836805344
0.011997947469353676
0.011166360229253769
0.011414351873099804
0.01178065687417984
0.011444741860032082
0.011553667485713959
0.011547324247658253
0.01176186092197895
0.010422538965940475
0.01114596240222454
0.012264551594853401
0.010937330313026905
0.012262596748769283
0.011328957043588161
0.010747687891125679
0.010441981256008148
0.013421375304460526
0.010755855590105057
0.011583831161260605
0.010735691525042057
0.011051077395677567
0.010258967988193035
0.010189917869865894
0.011188306845724583
0.010575023479759693
0.010546913370490074
0.011789849027991295
0.010637981817126274
0.010439231991767883
0.009161537513136864
0.011173196136951447
0.010951854288578033
0.010447248816490173
0.010765431448817253
0.010337590239942074
0.010905550792813301
0.01019233837723732
0.011608954519033432
0.010603385977447033
0.01033355388790369
0.009878871962428093
0.009799191728234291
0.010632104240357876
0.010377285070717335
0.010957092046737671
0.010774245485663414
0.01058345939964056
0.009842575527727604
0.010533674620091915
0.011366366408765316
0.010976300574839115
0.010969908908009529
0.009880493395030499
0.010748527944087982
0.01110685896128416
0.01069608423858881
0.009871712885797024
0.01025724969804287
0.00969770923256874
0.01025648694485426
0.010563747957348824
0.010258382186293602
0.009100760333240032
0.010371300391852856
0.009935141541063786
0.010376269929111004
0.009731674566864967
0.009662088006734848
0.009949367493391037
0.009503119625151157
0.01101595163345337
0.010910386219620705
0.010080261155962944
0.010281975381076336
0.010560537688434124
0.010431203991174698
0.009937752969563007
0.010083066299557686
0.009648820385336876
0.009341312572360039
0.009489048272371292
0.009132730774581432
0.00979913305491209
0.009892483241856098
0.010862153023481369
0.010519873350858688
0.009633407928049564
0.010353907942771912
0.010889780707657337
0.008535745553672314
0.009517184458673
0.009337968192994595
0.009070088155567646
0.009532498195767403
0.010009615682065487
0.009152750484645367
0.009268940426409245
