--name:
20221102_2005

--model type:
CSTR

--controlled system:
True

--lyapunov correction:
True

--learning rate:
0.01

--number of epoches:
1

--number of batches:
1024

--number of samples per batch:
256

--FNN fc1 weights:
Parameter containing:
tensor([[ 0.4085, -0.5733],
        [ 0.0141,  0.2485],
        [-0.2911, -0.4748],
        [-0.0410,  0.1965],
        [ 0.4733,  0.2255],
        [-0.2472,  0.4541],
        [-0.3018,  0.6800],
        [ 0.2379, -0.5965],
        [-0.2769, -0.3211],
        [-0.2615,  0.0288],
        [-0.6828, -0.0262],
        [ 0.4045,  0.6536],
        [ 0.6561, -0.0165],
        [-0.4737,  0.2980],
        [-0.2112, -0.2114],
        [ 0.4916,  0.0282],
        [ 0.2016, -0.1774],
        [ 0.2526,  0.7028],
        [-0.3867, -0.1992],
        [ 0.4860, -0.2333],
        [ 0.0946,  0.4231],
        [ 0.0450, -0.4644],
        [ 0.4101,  0.4469],
        [-0.1911,  0.6976],
        [ 0.3196,  0.5492],
        [ 0.2710,  0.0490],
        [-0.1827,  0.4965],
        [-0.3201,  0.1987],
        [ 0.2746, -0.5676],
        [-0.1949, -0.2062],
        [-0.0232, -0.1625],
        [ 0.2403,  0.3405],
        [ 0.3116,  0.6312],
        [-0.6747, -0.2657],
        [-0.5636,  0.3111],
        [-0.2286,  0.3526],
        [ 0.1100, -0.2063],
        [ 0.1589,  0.2896],
        [-0.2112, -0.5155],
        [-0.5845, -0.0442],
        [-0.0624, -0.0890],
        [-0.6027,  0.4730],
        [ 0.1396,  0.2109],
        [ 0.4083,  0.1196],
        [ 0.5356, -0.1497],
        [-0.1786,  0.5395],
        [ 0.0950,  0.5484],
        [ 0.0240,  0.6588],
        [ 0.1769,  0.0013],
        [ 0.0201, -0.5480],
        [ 0.2493,  0.2487],
        [ 0.6711, -0.6887],
        [ 0.5725, -0.4091],
        [-0.4972,  0.3242],
        [ 0.2961, -0.0703],
        [ 0.1766,  0.3354],
        [-0.6137,  0.6773],
        [-0.2300, -0.0928],
        [-0.4681,  0.4159],
        [-0.6138,  0.5591],
        [ 0.6387, -0.4390],
        [-0.5625, -0.5795],
        [ 0.3785,  0.0120],
        [ 0.2028,  0.4023],
        [ 0.6524, -0.5371],
        [-0.1792,  0.4738],
        [ 0.6997,  0.6715],
        [-0.4628, -0.6354],
        [ 0.0796,  0.5244],
        [ 0.2856,  0.0723],
        [-0.0427,  0.2310],
        [-0.0333,  0.2557],
        [-0.1237, -0.4615],
        [ 0.4391, -0.3984],
        [ 0.3602, -0.6837],
        [ 0.1933, -0.6867],
        [ 0.5049,  0.4619],
        [-0.0494, -0.5358],
        [ 0.5433,  0.2252],
        [ 0.4910, -0.2772]], requires_grad=True)

--GNN fc1 weights:
Parameter containing:
tensor([[-0.0025,  0.0012],
        [ 0.0017, -0.0034]], requires_grad=True)

--GNN fc1 bias:
Parameter containing:
tensor([ 0.0199, -0.0023], requires_grad=True)

--Testing loss:
tensor(0.1307, grad_fn=<MulBackward0>)

--Training losses:
2.920061524491757e-05
2.9338816602830775e-05
2.257949199702125e-05
2.9554605134762824e-05
2.3864464310463518e-05
2.1073668904136866e-05
3.7350881029851735e-05
2.8113128792028874e-05
2.1416126401163638e-05
2.8340125936665572e-05
3.21086699841544e-05
3.392845974303782e-05
2.2146761693875305e-05
2.3441363737219945e-05
2.105763996951282e-05
2.566195144027006e-05
2.4764760382822715e-05
2.716279777814634e-05
2.4562277758377604e-05
2.5986240871134214e-05
2.254620812891517e-05
2.5219833332812414e-05
2.8556818506331183e-05
1.6780924852355383e-05
2.198508445871994e-05
3.165332964272238e-05
2.3000549845164642e-05
1.7244641639990732e-05
2.086711538140662e-05
3.023488898179494e-05
3.179893610649742e-05
2.2762997105019167e-05
1.681466710579116e-05
2.2579304641112685e-05
2.3689495719736442e-05
1.7778480469132774e-05
2.4278249838971533e-05
2.658830999280326e-05
2.868768024200108e-05
2.3465860067517497e-05
2.8623973776120692e-05
2.2524869564222172e-05
2.387933636782691e-05
2.2418334992835298e-05
2.3337976017501205e-05
1.5791623809491284e-05
3.168544208165258e-05
2.2064350559958257e-05
2.998502168338746e-05
2.31285193876829e-05
2.2101350623415783e-05
2.3664264517719857e-05
2.1072506569908e-05
2.699664037209004e-05
2.6797628379426897e-05
2.3403541490552016e-05
2.008332739933394e-05
3.5094817576464266e-05
2.041805419139564e-05
2.13636794796912e-05
3.0126419005682692e-05
2.3168631742009893e-05
2.2484899091068655e-05
2.4324170226464048e-05
2.457923983456567e-05
2.4125882191583514e-05
2.4603112251497805e-05
2.6506219001021236e-05
2.165913065255154e-05
2.8348262276267633e-05
3.10409814119339e-05
2.6927576982416213e-05
1.7881837266031653e-05
2.35782063100487e-05
2.0190695067867637e-05
3.18234451697208e-05
2.8428206860553473e-05
2.6611509383656085e-05
1.7799087800085545e-05
2.3228934878716245e-05
2.265273724333383e-05
2.7438905817689374e-05
1.8792041373671964e-05
2.7598664019024e-05
2.674960342119448e-05
2.0429732103366405e-05
2.6459809305379167e-05
2.3065767891239375e-05
2.5493010980426334e-05
1.7492826373199932e-05
2.5687690140330233e-05
2.6783716748468578e-05
2.326853064005263e-05
3.294230918982066e-05
2.6631845685187727e-05
2.5544772142893635e-05
2.477559246472083e-05
2.048201895377133e-05
1.811375841498375e-05
2.4557964934501797e-05
2.662427505129017e-05
2.7440470148576424e-05
1.9520091882441193e-05
1.927494849951472e-05
1.9927460016333498e-05
1.8722465028986335e-05
2.006302383961156e-05
2.6992316634277813e-05
2.2084863303462043e-05
2.2487041860586032e-05
2.3509121092502028e-05
2.1192408894421533e-05
2.9719234589720145e-05
2.358064375584945e-05
2.3583041183883324e-05
2.203962139901705e-05
2.4845190637279302e-05
2.565298018453177e-05
1.908473677758593e-05
1.59879527927842e-05
2.9480619559763e-05
2.639404010551516e-05
2.5296947569586337e-05
1.9126540792058222e-05
2.4097360437735915e-05
1.9516026441124268e-05
1.97049266716931e-05
2.2479911422124133e-05
2.276670238643419e-05
2.0112180209252983e-05
3.1078376196091995e-05
2.5083380023716018e-05
2.5515320885460824e-05
1.9073559087701142e-05
2.403285361651797e-05
2.3047663489705883e-05
2.4640088668093085e-05
2.94195233436767e-05
2.2625585188507102e-05
2.2425008864956908e-05
2.0850820874329656e-05
1.826625521061942e-05
2.4056214897427708e-05
2.4845252482919022e-05
2.5134897441603243e-05
2.6678373615141027e-05
2.1238665794953704e-05
2.466039586579427e-05
2.3707425498287193e-05
2.4888488042051904e-05
2.4571549147367477e-05
2.4970182494143955e-05
2.0805739040952176e-05
2.9444134270306677e-05
2.0592784494510852e-05
2.297416540386621e-05
2.213220614066813e-05
2.34142044064356e-05
1.985875678656157e-05
2.5511191779514775e-05
2.4269935238407925e-05
2.3546777811134234e-05
2.166981175832916e-05
2.2174868718138896e-05
1.9454395442153327e-05
2.0910638340865262e-05
3.390797064639628e-05
2.1756821297458373e-05
2.145201142411679e-05
2.4737499188631773e-05
1.7804592062020674e-05
2.333884003746789e-05
2.2561576770385727e-05
2.1071035007480532e-05
2.0158189727226272e-05
2.0403924281708896e-05
2.1149831809452735e-05
2.602723725431133e-05
1.8624674339662306e-05
2.6449482902535237e-05
2.0600942661985755e-05
2.5333865778520703e-05
2.6958998205373064e-05
2.8200844099046662e-05
2.5906680093612522e-05
3.143022695439868e-05
2.10575781238731e-05
2.519255576771684e-05
1.9219143723603338e-05
2.5005942006828263e-05
2.318057704542298e-05
2.4622719138278626e-05
1.8394244762021117e-05
1.9885681467712857e-05
2.3995038645807654e-05
1.7587632100912742e-05
1.9837096260744147e-05
2.541441426728852e-05
2.2674325009575114e-05
2.407115971436724e-05
1.972937570826616e-05
2.4843940991559066e-05
2.0211635273881257e-05
2.81582342722686e-05
2.755771674856078e-05
2.6446112315170467e-05
2.1636864403262734e-05
2.2605463527725078e-05
2.216177927039098e-05
2.862524524971377e-05
3.095728607149795e-05
2.0439034415176138e-05
2.5998850105679594e-05
2.723357465583831e-05
2.93073317152448e-05
2.6061450626002625e-05
2.0930783648509532e-05
1.955357402039226e-05
2.391807356616482e-05
2.5966310204239562e-05
1.7025966371875256e-05
2.45921837631613e-05
2.451425461913459e-05
2.1135683709871955e-05
2.0432809833437204e-05
2.1229459889582358e-05
2.1751442545792088e-05
1.9092945876764134e-05
2.2469821487902664e-05
1.8990760509041138e-05
1.916650217026472e-05
1.7316559024038725e-05
2.2476013327832334e-05
1.5901918231975287e-05
2.2313372028293088e-05
2.0801315258722752e-05
2.5625169655540958e-05
2.2560032448382117e-05
1.822934609663207e-05
2.3352318748948164e-05
2.075767952192109e-05
2.6263634936185554e-05
2.2677562810713425e-05
2.436115755699575e-05
2.3327967937802896e-05
2.050531838904135e-05
2.3359953047474846e-05
2.7954891265835613e-05
1.884834091470111e-05
1.926776531036012e-05
2.3887274437583983e-05
2.0185969333397225e-05
2.329617564100772e-05
2.237236731161829e-05
1.8748263755696826e-05
2.6955207431456074e-05
2.3411681468132883e-05
2.4630238840472884e-05
2.3147476895246655e-05
2.5399323931196705e-05
2.2977288608672097e-05
2.0813680748688057e-05
2.0620276700356044e-05
2.3662643798161298e-05
2.7496396796777844e-05
1.9762028387049213e-05
2.5589106371626258e-05
1.9791135855484754e-05
2.280140688526444e-05
2.2249094399739988e-05
2.5030836695805192e-05
2.00640188268153e-05
2.1547064534388483e-05
2.7907137337024324e-05
1.7614944226806983e-05
1.9518665794748813e-05
1.8889453713200055e-05
2.2944615921005607e-05
2.527751166780945e-05
2.5953147996915504e-05
2.5495370209682733e-05
2.4917817427194677e-05
2.3039552615955472e-05
2.3745278667774983e-05
2.4605160433566198e-05
1.9946259271819144e-05
1.955573861778248e-05
2.3773109205649234e-05
2.1660758648067713e-05
1.9311346477479674e-05
2.8223437766428106e-05
2.1009966076235287e-05
2.4831802875269204e-05
2.378657336521428e-05
2.3102427803678438e-05
2.1655931050190702e-05
2.185741686844267e-05
2.1682597434846684e-05
1.7072061382350512e-05
2.646438224473968e-05
2.3628568669664674e-05
1.922295632539317e-05
2.2512942450703122e-05
2.1350662791519426e-05
2.2915415684110485e-05
2.159651558031328e-05
2.4733262762310915e-05
2.6361571144661866e-05
2.3802289433660917e-05
2.1832933271070942e-05
2.144044810847845e-05
2.133118687197566e-05
2.0252395188435912e-05
1.769870323187206e-05
1.9288057956146076e-05
2.2286880266619846e-05
1.5445459212060086e-05
2.433781628496945e-05
2.0704135749838315e-05
2.9909117074566893e-05
2.3616297767148353e-05
2.910827060986776e-05
2.0998053514631465e-05
2.5225424906238914e-05
2.097704964398872e-05
2.1884025045437738e-05
2.599830986582674e-05
2.6018426069640554e-05
1.9174491171725094e-05
2.2793370590079576e-05
2.262410635012202e-05
2.953122566395905e-05
2.262714770040475e-05
1.685219285718631e-05
2.2775724573875777e-05
2.0395689716679044e-05
2.463934652041644e-05
1.914170934469439e-05
2.1575957362074405e-05
1.8475926481187344e-05
2.1585376089205965e-05
2.563053567428142e-05
2.4198045139200985e-05
2.3963228159118444e-05
2.2352818632498384e-05
2.458939707139507e-05
2.4398455934715457e-05
2.4078784917946905e-05
2.4423821741947904e-05
1.773441363184247e-05
2.2659187379758805e-05
2.1840682165930048e-05
1.920167778735049e-05
2.8137792469351552e-05
2.0857774870819412e-05
1.9723760487977415e-05
2.3300026441575028e-05
2.6048975996673107e-05
2.418282747385092e-05
1.9274617443443276e-05
2.0901954485452734e-05
1.9373535906197503e-05
2.3209215214592405e-05
2.446396683808416e-05
2.0647825294872746e-05
2.814173058141023e-05
1.9434002751950175e-05
2.104816485370975e-05
1.7994505469687283e-05
1.9750343199120834e-05
2.120057979482226e-05
1.852789500844665e-05
1.7348056644550525e-05
2.284612310177181e-05
2.7528536520549096e-05
2.302451139257755e-05
2.057714846159797e-05
2.4126964490278624e-05
2.3087781301001087e-05
1.7466087228967808e-05
2.860805943782907e-05
1.7724165445542894e-05
1.74435117514804e-05
1.8390463083051145e-05
2.2433159756474197e-05
2.222250259364955e-05
1.910180799313821e-05
2.233541090390645e-05
1.8630295016919263e-05
2.1924104657955468e-05
2.6481611712370068e-05
2.5370780349476263e-05
1.995081765926443e-05
2.1837427993887104e-05
1.90938517334871e-05
1.9675147996167652e-05
1.9306422473164275e-05
2.804591895255726e-05
2.7565471100388095e-05
1.854076617746614e-05
1.9145509213558398e-05
2.4930783183663152e-05
2.2053072825656272e-05
1.8667273252503946e-05
2.6155748855671845e-05
2.659484016476199e-05
2.032236625382211e-05
2.2377538698492572e-05
1.958521897904575e-05
3.0127590434858575e-05
1.9836947103613056e-05
1.795578828023281e-05
2.2959538910072297e-05
1.9683215214172378e-05
2.8979335183976218e-05
1.6963422240223736e-05
2.236166619695723e-05
1.9527782569639385e-05
2.3441341909347102e-05
2.2301879653241485e-05
2.4532544557587244e-05
2.3230251827044412e-05
2.2704130969941616e-05
2.972568108816631e-05
2.067542664008215e-05
2.0002984456368722e-05
2.4028378902585246e-05
2.3041524400468916e-05
2.136755210813135e-05
2.6784824513015337e-05
2.6805435481946915e-05
1.5745901691843756e-05
1.76282392203575e-05
2.4969516744022258e-05
1.717762279440649e-05
2.6254370823153295e-05
2.4074903194559738e-05
2.6698964575189166e-05
2.3251366656040773e-05
2.343861706322059e-05
2.3946811779751442e-05
3.240620935685001e-05
1.8887980331783183e-05
2.007364309974946e-05
2.6677966161514632e-05
2.460060568409972e-05
2.09006539080292e-05
2.7038440748583525e-05
2.0720983229693957e-05
2.1413658032543026e-05
1.7370757632306777e-05
2.393070826656185e-05
2.783179843390826e-05
2.1880765416426584e-05
2.0470479284995236e-05
2.1638374164467677e-05
2.337549813091755e-05
2.1989231754560024e-05
2.6656422051019035e-05
1.954947401827667e-05
2.441407741571311e-05
2.2829843146610074e-05
1.9769358914345503e-05
2.588224015198648e-05
1.8232703951071016e-05
2.1085670596221462e-05
2.2046981030143797e-05
2.6282199542038143e-05
1.471826180932112e-05
1.8563305275165476e-05
1.9900448023690842e-05
3.065113560296595e-05
1.881728348962497e-05
1.684719063632656e-05
3.1817082344787195e-05
3.0255379897425883e-05
1.8415790691506118e-05
2.6883633836405352e-05
2.399071308900602e-05
2.2151012672111392e-05
1.553999936731998e-05
2.595890691736713e-05
2.1749503503087908e-05
2.5656665457063355e-05
2.59711523540318e-05
2.1765552446595393e-05
1.8400967746856622e-05
2.0950325051671825e-05
2.624142507556826e-05
2.044335997197777e-05
1.989846714423038e-05
2.2850008463137783e-05
2.290317752340343e-05
2.2332766093313694e-05
2.3234679247252643e-05
2.6064055418828502e-05
2.103667429764755e-05
2.862928158720024e-05
2.022119406319689e-05
1.941702612384688e-05
1.9410781533224508e-05
1.935471300384961e-05
2.767967089312151e-05
2.4478054911014624e-05
2.878266604966484e-05
2.090364978357684e-05
2.059827784250956e-05
1.8070650185109116e-05
3.0241162676247768e-05
2.3939221136970446e-05
2.388522079854738e-05
1.9732404325623065e-05
2.2784859538660385e-05
2.19259163714014e-05
2.3308901290874928e-05
2.600359766802285e-05
2.430876156722661e-05
2.3294198399526067e-05
2.1551308236666955e-05
2.36314554058481e-05
2.666902946657501e-05
2.2414307750295848e-05
2.0658419089158997e-05
2.0552792193484493e-05
1.93985688383691e-05
2.035502257058397e-05
2.0311534171923995e-05
2.7192594643565826e-05
2.1860363631276414e-05
2.2467651433544233e-05
2.222875991719775e-05
2.6780577172758058e-05
2.211561513831839e-05
1.7661026504356414e-05
2.528244658606127e-05
2.203481926699169e-05
2.2402486138162203e-05
1.3985107216285542e-05
2.1678215489373542e-05
1.68587539519649e-05
1.83300089702243e-05
2.5913750505424105e-05
2.331420182599686e-05
2.2878915842738934e-05
2.1348932932596654e-05
2.252584818052128e-05
2.0701334506156854e-05
2.56130842899438e-05
2.3178507035481744e-05
2.0931425751768984e-05
2.2149968572193757e-05
2.197912908741273e-05
2.3632415832253173e-05
2.488459722371772e-05
1.8681779692997225e-05
1.847186649683863e-05
2.483833122823853e-05
2.4517499696230516e-05
2.110643072228413e-05
2.2811396775068715e-05
1.8842754798242822e-05
2.2498274120152928e-05
2.3378604964818805e-05
2.2242864361032844e-05
1.9491559214657173e-05
2.4719771317904815e-05
2.025396861426998e-05
2.0243762264726683e-05
2.061877603409812e-05
1.4822596313024405e-05
2.106630381604191e-05
2.1998703232384287e-05
2.5407029170310125e-05
2.3030941520119086e-05
2.6700698072090745e-05
2.3261709429789335e-05
2.17541673919186e-05
2.6697138309828006e-05
2.25300136662554e-05
1.630203223612625e-05
2.5428134904359467e-05
2.2572128727915697e-05
1.9090490241069347e-05
2.23642673518043e-05
1.9582907043513842e-05
2.1452156943269074e-05
2.244493953185156e-05
2.2012809495208785e-05
1.8929924408439547e-05
2.654106356203556e-05
1.863664510892704e-05
2.3180815333034843e-05
2.6913972760667093e-05
2.681456317077391e-05
1.4397833183465991e-05
2.3444923499482684e-05
2.6703648472903296e-05
1.7442922398913652e-05
2.3168257030192763e-05
2.2663409254164435e-05
2.4657198082422838e-05
2.2246806111070327e-05
2.3655833501834422e-05
2.2718149921274744e-05
2.4560262318118475e-05
2.7452999347588047e-05
2.0830757421208546e-05
2.8367370759951882e-05
2.0573072106344625e-05
2.241834590677172e-05
1.9322878870298155e-05
3.0517539926222526e-05
2.4430501071037725e-05
2.2265025108936243e-05
2.0363284420454875e-05
2.3865364710218273e-05
2.7384154236642644e-05
2.241476067865733e-05
2.3371942006633617e-05
2.6859899662667885e-05
2.2973486920818686e-05
1.9733435692614876e-05
2.7550651793717407e-05
2.6736659492598847e-05
1.817463453335222e-05
1.9933464500354603e-05
1.8886135876527987e-05
2.139585376426112e-05
1.9785602489719167e-05
2.348473390156869e-05
2.522084287193138e-05
2.1079235011711717e-05
1.838942989706993e-05
2.3737487936159596e-05
2.5894902137224562e-05
2.3159231204772368e-05
1.4322062270366587e-05
2.4811020921333693e-05
2.7269312340649776e-05
2.386411142651923e-05
1.9180204617441632e-05
2.5225272111129016e-05
2.1609579562209547e-05
2.405905797786545e-05
2.3398271878249943e-05
2.0316105292295106e-05
1.8579801690066233e-05
1.9473845895845443e-05
2.362931627430953e-05
1.9422332115937024e-05
2.479512659192551e-05
1.6861074982443824e-05
1.7017890058923513e-05
1.7800623027142137e-05
1.937645356520079e-05
2.34468298003776e-05
2.1365378415794112e-05
1.9766213881666772e-05
1.601221265445929e-05
2.0856867195107043e-05
2.0153132936684415e-05
2.5763192752492614e-05
2.2374422769644298e-05
2.3937778678373434e-05
2.0118241081945598e-05
1.885950223368127e-05
1.8215052477899007e-05
2.4010807464946993e-05
2.1135980205144733e-05
2.3048629373079166e-05
2.189336737501435e-05
2.123822196153924e-05
1.848673855420202e-05
1.887296821223572e-05
2.1502113668248057e-05
1.8822596757672727e-05
2.4252134608104825e-05
1.6559750292799436e-05
2.5693909265100956e-05
2.0474624761845917e-05
2.825661431415938e-05
2.4824601496220566e-05
2.4651450075907633e-05
2.3356864403467625e-05
2.2212563635548577e-05
2.0398183551151305e-05
2.226504875579849e-05
2.405637496849522e-05
2.5581062800483778e-05
1.7704735000734217e-05
2.3736169168842025e-05
2.137500086973887e-05
2.1062376617919654e-05
2.1193634893279523e-05
1.9562141460482962e-05
2.1841407942702062e-05
2.04516345547745e-05
1.9060227714362554e-05
1.930602957145311e-05
1.7349830159218982e-05
2.7399801183491945e-05
2.3277349100681022e-05
2.696714727790095e-05
2.2114320017863065e-05
2.1287458366714418e-05
1.774965312506538e-05
2.386645064689219e-05
2.808187491609715e-05
2.5321436623926274e-05
2.1142501282156445e-05
2.2375304979505017e-05
2.7014577426598407e-05
2.1593004930764437e-05
1.8987957446370274e-05
2.1346333596738987e-05
2.6039720978587866e-05
2.1216050299699418e-05
2.1907260816078633e-05
2.5321107386844233e-05
2.555743049015291e-05
1.7703627236187458e-05
2.330697861907538e-05
2.0463978216866963e-05
2.39664368564263e-05
2.738384500844404e-05
1.5776988220750354e-05
1.946701195265632e-05
2.4057235350483097e-05
2.4642191419843584e-05
1.8873422959586605e-05
2.6182889996562153e-05
2.0379351553856395e-05
2.496934394002892e-05
2.0710369426524267e-05
1.6883193893590942e-05
1.9152135791955516e-05
2.499965557944961e-05
2.005735950660892e-05
2.0944282368873246e-05
2.0020990632474422e-05
2.3788259568391368e-05
2.222356852144003e-05
1.7855936675914563e-05
2.4184979338315316e-05
1.9649216483230703e-05
2.4928225684561767e-05
2.517670873203315e-05
2.30535715672886e-05
2.3455881091649644e-05
1.7939853933057748e-05
1.9446206351858564e-05
2.520788439142052e-05
1.8412141798762605e-05
1.9693728972924873e-05
2.1715481125283986e-05
2.1513680621865205e-05
2.486426274117548e-05
1.9922636056435294e-05
2.569094067439437e-05
2.570769538579043e-05
2.063629108306486e-05
1.3734943422605284e-05
2.131271321559325e-05
2.1477284462889656e-05
2.1842184651177377e-05
2.4572327674832195e-05
1.7239581211470068e-05
2.0329642211436294e-05
2.4359014787478372e-05
1.9856553990393877e-05
1.7810860299505293e-05
2.704302460188046e-05
2.7738626158679835e-05
2.1527357603190467e-05
1.7624915926717222e-05
1.8798413293552585e-05
2.0998493710067123e-05
1.526000960438978e-05
2.3248967409017496e-05
2.232882434327621e-05
2.2118008928373456e-05
2.1296638806234114e-05
2.1855146769667044e-05
2.3972836061147973e-05
2.1703759557567537e-05
2.8849135560449213e-05
2.153484820155427e-05
2.475771907484159e-05
1.9859404346789233e-05
1.5273759345291182e-05
1.7112593923229724e-05
2.149695865227841e-05
2.0511424736469053e-05
2.429224332445301e-05
1.6397882063756697e-05
2.0230625523254275e-05
1.7595883036847226e-05
2.5005090719787404e-05
2.2059208276914433e-05
2.353959462197963e-05
2.870953903766349e-05
1.9065402739215642e-05
2.3156695533543825e-05
1.8860017007682472e-05
1.7722148186294362e-05
2.1605479560093954e-05
2.4127955839503556e-05
2.0551700799842365e-05
1.935753425641451e-05
3.02929402096197e-05
2.451349973853212e-05
2.279377258673776e-05
2.822605711116921e-05
2.4081473384285346e-05
1.8831213310477324e-05
2.5607690986362286e-05
2.4261775251943618e-05
2.6393119696876965e-05
2.1501587980310433e-05
1.7691669199848548e-05
2.424174454063177e-05
2.124386082869023e-05
2.6830926799448207e-05
2.2674183128401637e-05
1.7136977476184256e-05
1.890735984488856e-05
2.1724792532040738e-05
2.116307041433174e-05
1.738683204166591e-05
1.4994294360803906e-05
1.9840203094645403e-05
2.519425834179856e-05
2.0105049770791084e-05
2.2601958335144445e-05
2.5638604711275548e-05
2.4366372599615715e-05
2.3089734895620495e-05
2.2562484446098097e-05
2.5511955755064264e-05
1.897172478493303e-05
2.6780584448715672e-05
2.7289061108604074e-05
1.7763881260179915e-05
2.1991401808918454e-05
1.837133095250465e-05
2.2350086510414258e-05
1.9673307178891264e-05
1.967334537766874e-05
2.810930527630262e-05
1.8374841602053493e-05
2.0472592950682156e-05
1.9300045096315444e-05
2.1371104594436474e-05
2.1904819732299075e-05
2.4664321244927123e-05
2.1522369934245944e-05
2.1208690668572672e-05
2.4512575691915117e-05
2.8195370759931393e-05
3.159979678457603e-05
2.6552181225270033e-05
2.0394936655065976e-05
2.2412608814192936e-05
2.3296275685424916e-05
2.2735490347258747e-05
2.3818391127861105e-05
2.378768112976104e-05
2.1069086869829334e-05
3.064193879254162e-05
2.5175258997478522e-05
2.029582356044557e-05
2.535311614337843e-05
1.641238668526057e-05
2.2604126570513472e-05
1.726293339743279e-05
2.0030529412906617e-05
1.619968497834634e-05
2.3173372028395534e-05
2.1026664398959838e-05
2.0643423340516165e-05
1.6298525224556215e-05
1.8332981198909692e-05
1.3473567378241569e-05
3.0148126825224608e-05
1.3443257557810284e-05
2.0303730707382783e-05
1.872078064479865e-05
2.22644903260516e-05
2.2689906472805887e-05
1.9704933947650716e-05
2.121436773450114e-05
2.4650973500683904e-05
2.421455064904876e-05
2.1927746274741367e-05
1.642056849959772e-05
2.1597526938421652e-05
2.3405997126246803e-05
2.8059952455805615e-05
1.997788240259979e-05
1.8127420844393782e-05
1.9897775928257033e-05
2.10177186090732e-05
1.9414677808526903e-05
2.7374126148060896e-05
2.2937003450351767e-05
2.3237531422637403e-05
1.7771550119505264e-05
2.311841853952501e-05
2.4237673642346635e-05
2.392259193584323e-05
1.79706603375962e-05
1.511968184786383e-05
1.9755807443289086e-05
1.980426713998895e-05
2.5447328880545683e-05
2.0124072761973366e-05
1.9520508431014605e-05
2.215116001025308e-05
2.5170054868794978e-05
2.4048898922046646e-05
1.7141439457191154e-05
1.7027352441800758e-05
1.9731012798729353e-05
2.3048076400300488e-05
2.024225250352174e-05
1.9189634258509614e-05
2.1046562324045226e-05
2.1570560420514084e-05
1.7754438886186108e-05
2.414237314951606e-05
2.2248277673497796e-05
1.8681907022255473e-05
2.15758009289857e-05
2.4065697289188392e-05
1.998195148189552e-05
2.065592161670793e-05
2.5356468540849164e-05
2.777345071081072e-05
2.1341264073271304e-05
2.125454557244666e-05
1.8258117052027956e-05
2.211118771811016e-05
1.9889768736902624e-05
2.084522566292435e-05
2.069295442197472e-05
2.176048838009592e-05
2.2123682356323116e-05
2.619954466354102e-05
2.114015478582587e-05
1.6463236534036696e-05
2.3354361474048346e-05
2.0505998691078275e-05
1.920469367178157e-05
1.5217492546071298e-05
2.529725679778494e-05
2.4812494302750565e-05
2.3948188754729927e-05
2.074221265502274e-05
2.186815981986001e-05
2.1118708900758065e-05
2.3693366529187188e-05
2.428958578093443e-05
2.4975244741654024e-05
2.110951390932314e-05
1.8964517948916182e-05
2.1426842067739926e-05
2.6935020287055522e-05
2.2882300982018933e-05
1.9275817976449616e-05
1.9983903257525526e-05
1.8609885955811478e-05
1.5763444025651552e-05
2.2440628526965156e-05
2.3205508114187978e-05
2.9876926419092342e-05
2.38412685575895e-05
2.226504875579849e-05
1.909680213429965e-05
2.038873208221048e-05
2.0729867173940875e-05
2.1924784959992394e-05
1.9833478290820494e-05
2.954416413558647e-05
2.0166537069599144e-05
2.2067402824177407e-05
1.7597551050130278e-05
2.4595618015155196e-05
2.6096369765582494e-05
2.0876763301203027e-05
2.2613501641899347e-05
2.3296614017453976e-05
2.1738896975875832e-05
1.8658096450963058e-05
2.6215939215035178e-05
1.902512121887412e-05
2.2833732145954855e-05
2.705694168980699e-05
1.9411512766964734e-05
2.310323907295242e-05
2.527075594116468e-05
1.9468163372948766e-05
2.190840314142406e-05
2.0983485228498466e-05
2.1173398636165075e-05
2.263625901832711e-05
1.917948065965902e-05
2.3727110601612367e-05
1.5770987374708056e-05
2.4641049094498158e-05
2.098520053550601e-05
2.0899973605992272e-05
2.2505952074425295e-05
2.1313633624231443e-05
2.405438499408774e-05
2.472441701684147e-05
1.7030104572768323e-05
2.5605895643820986e-05
2.0720966858789325e-05
2.2322785298456438e-05
2.363582643738482e-05
2.3568723918288015e-05
1.988866279134527e-05
1.957304630195722e-05
3.0174513085512444e-05
