--name:
20221007_1651

--notes:


--controlled system:
True

--lyapunov correction:
True

--learning rate:
0.01

--number of epoches:
5

--number of batches:
1000

--number of samples per batch:
1000

--Losses:
0.6181054711341858
0.6061510443687439
0.5783433318138123
0.5716236233711243
0.5558211803436279
0.5612466335296631
0.5621833205223083
0.493513286113739
0.5178918242454529
0.48312118649482727
0.5292540788650513
0.5492348670959473
0.49181899428367615
0.5325467586517334
0.4658675789833069
0.4616263210773468
0.44027450680732727
0.43210774660110474
0.445209801197052
0.4332917034626007
0.413234144449234
0.4138393998146057
0.4337669610977173
0.4171124994754791
0.44025081396102905
0.3988332152366638
0.39234310388565063
0.3982345759868622
0.3933951258659363
0.3926706314086914
0.40490248799324036
0.3565245568752289
0.37002265453338623
0.3632294535636902
0.3735102415084839
0.33057039976119995
0.35022932291030884
0.3609742820262909
0.3483628034591675
0.3562783896923065
0.354268878698349
0.37310919165611267
0.35382863879203796
0.32894185185432434
0.3313053846359253
0.31897926330566406
0.33894506096839905
0.32074248790740967
0.31192052364349365
0.3015304207801819
0.29859116673469543
0.3126460611820221
0.30197596549987793
0.3166857659816742
0.2905632555484772
0.29636654257774353
0.2841143310070038
0.30118298530578613
0.29428642988204956
0.2982652187347412
0.29663315415382385
0.29197394847869873
0.3016861081123352
0.28028419613838196
0.2958831787109375
0.2640778422355652
0.2787141799926758
0.29208216071128845
0.27755996584892273
0.26036131381988525
0.2647433578968048
0.25210317969322205
0.24417252838611603
0.25332242250442505
0.24744679033756256
0.25428974628448486
0.25963306427001953
0.25775575637817383
0.23289769887924194
0.251668781042099
0.23118837177753448
0.2527748942375183
0.25595030188560486
0.24142558872699738
0.24126186966896057
0.23626449704170227
0.2355489879846573
0.23072001338005066
0.22075212001800537
0.22723518311977386
0.23448945581912994
0.22659364342689514
0.24074432253837585
0.24852606654167175
0.22390978038311005
0.23342496156692505
0.2181396186351776
0.2185489684343338
0.2034945785999298
0.22294019162654877
0.2183905988931656
0.20243476331233978
0.21242116391658783
0.2028520405292511
0.20166532695293427
0.20876267552375793
0.20393413305282593
0.2068638950586319
0.20936378836631775
0.19605880975723267
0.19645334780216217
0.1936980038881302
0.20438013970851898
0.1876625418663025
0.19843575358390808
0.18952104449272156
0.20370066165924072
0.19227303564548492
0.19632047414779663
0.19384194910526276
0.19191697239875793
0.19132204353809357
0.19410279393196106
0.18235507607460022
0.18542695045471191
0.1889706552028656
0.18590644001960754
0.1784459501504898
0.17042474448680878
0.19169464707374573
0.18026819825172424
0.19123774766921997
0.1744658350944519
0.16860966384410858
0.17007364332675934
0.1915736198425293
0.17457617819309235
0.17227008938789368
0.16241495311260223
0.177279531955719
0.17747965455055237
0.17042212188243866
0.160275399684906
0.17374096810817719
0.15878655016422272
0.1646292507648468
0.17554405331611633
0.1667586863040924
0.1661888211965561
0.14992669224739075
0.16146250069141388
0.15937012434005737
0.16106410324573517
0.16088292002677917
0.15419137477874756
0.1648777425289154
0.16073842346668243
0.15852756798267365
0.15951260924339294
0.15631482005119324
0.1518307775259018
0.15202566981315613
0.16045279800891876
0.15340785682201385
0.14386972784996033
0.14639008045196533
0.1526775360107422
0.16003631055355072
0.153788760304451
0.14465400576591492
0.1515728086233139
0.14677205681800842
0.1550307273864746
0.14862465858459473
0.14373552799224854
0.15821418166160583
0.14877654612064362
0.1503821611404419
0.14165039360523224
0.14857947826385498
0.15190941095352173
0.14183089137077332
0.1531519591808319
0.14887775480747223
0.13962961733341217
0.1491023153066635
0.15064457058906555
0.14378345012664795
0.14319011569023132
0.15046480298042297
0.14513175189495087
0.14372742176055908
0.1518162041902542
0.14411331713199615
0.15262775123119354
0.14183200895786285
0.14036065340042114
0.1505119502544403
0.1434367299079895
0.14388316869735718
0.1349824070930481
0.13799573481082916
0.14145494997501373
0.14314770698547363
0.1309276968240738
0.14763681590557098
0.14294284582138062
0.1391337662935257
0.13430240750312805
0.13881249725818634
0.1286243200302124
0.13450831174850464
0.1267898678779602
0.1419338434934616
0.14041829109191895
0.13383710384368896
0.13090938329696655
0.14374372363090515
0.14625193178653717
0.1357867568731308
0.13641929626464844
0.13285629451274872
0.13012252748012543
0.13581760227680206
0.1350855529308319
0.12900924682617188
0.13000836968421936
0.1356334388256073
0.1419244259595871
0.13748130202293396
0.1343936026096344
0.13744480907917023
0.1258898675441742
0.13080812990665436
0.14148476719856262
0.13223406672477722
0.1296899914741516
0.1313866227865219
0.13293102383613586
0.11887297034263611
0.12957589328289032
0.13668157160282135
0.13161712884902954
0.12981189787387848
0.1319023072719574
0.13169778883457184
0.13318265974521637
0.12746615707874298
0.12339826673269272
0.12715835869312286
0.13071191310882568
0.12638622522354126
0.12300459295511246
0.12479114532470703
0.12816432118415833
0.12657149136066437
0.12266979366540909
0.1249924823641777
0.1220296174287796
0.12053391337394714
0.12656189501285553
0.11948580294847488
0.12760810554027557
0.1270734965801239
0.12225432693958282
0.12570515275001526
0.1311354786157608
0.13124564290046692
0.1180761456489563
0.12944212555885315
0.11873717606067657
0.1303708255290985
0.11942420154809952
0.12057352811098099
0.12250275909900665
0.1320165991783142
0.12320849299430847
0.11728060245513916
0.13033871352672577
0.12479501217603683
0.1278710663318634
0.11731219291687012
0.11987414211034775
0.12227389961481094
0.12136908620595932
0.1195538341999054
0.12300270050764084
0.12409073859453201
0.1264953911304474
0.11478070914745331
0.11983105540275574
0.11399677395820618
0.1199665367603302
0.11057905852794647
0.1292422115802765
0.12757812440395355
0.1276390254497528
0.11603391170501709
0.11689373105764389
0.11326771229505539
0.11290068924427032
0.12024877220392227
0.12302689999341965
0.11292507499456406
0.12251003086566925
0.11791069060564041
0.11960665136575699
0.10988479107618332
0.11844292283058167
0.12497244775295258
0.11693593114614487
0.11334400624036789
0.12327829003334045
0.12028893083333969
0.11518100649118423
0.11441102623939514
0.12076994776725769
0.11650368571281433
0.11468305438756943
0.1187836229801178
0.11534099280834198
0.11370964348316193
0.11953678727149963
0.11963887512683868
0.12325351685285568
0.12081943452358246
0.11982002854347229
0.13156011700630188
0.11497753858566284
0.12039010971784592
0.12198707461357117
0.12117980420589447
0.1229967400431633
0.11720292270183563
0.11114325374364853
0.12561005353927612
0.1138397604227066
0.12238948792219162
0.12804394960403442
0.11206357926130295
0.11598969250917435
0.11062566936016083
0.12625423073768616
0.12135662138462067
0.11087673902511597
0.11324579268693924
0.1276656836271286
0.10872004181146622
0.12531249225139618
0.12377540022134781
0.11885624378919601
0.11681303381919861
0.106678307056427
0.12216702848672867
0.11514884233474731
0.12154754996299744
0.11137176305055618
0.11232808232307434
0.11939086019992828
0.12027004361152649
0.1176321730017662
0.11986028403043747
0.11000493168830872
0.11386371403932571
0.11866974085569382
0.11485648155212402
0.11440873146057129
0.11758971214294434
0.12146861851215363
0.1141911968588829
0.10462166368961334
0.10999494791030884
0.11713796854019165
0.11206154525279999
0.11506769061088562
0.10650916397571564
0.11078774929046631
0.11041443049907684
0.10862648487091064
0.11370500922203064
0.11256178468465805
0.10111144185066223
0.119017094373703
0.11234831809997559
0.11000625789165497
0.11441899836063385
0.12124338001012802
0.11792875826358795
0.11752717941999435
0.1127496063709259
0.10790330171585083
0.11120833456516266
0.1161702573299408
0.11077394336462021
0.10968135297298431
0.11100614815950394
0.11400684714317322
0.11056006699800491
0.1121404767036438
0.11310379207134247
0.1097458079457283
0.1179797500371933
0.10298523306846619
0.10949394851922989
0.11406955868005753
0.11365246772766113
0.10939770936965942
0.11091876029968262
0.11111101508140564
0.11013324558734894
0.11856456100940704
0.11468534916639328
0.11417914181947708
0.11443521827459335
0.11717676371335983
0.11702825874090195
0.12569215893745422
0.10637623816728592
0.11796678602695465
0.1118127629160881
0.12382098287343979
0.1112779900431633
0.10493042320013046
0.10999329388141632
0.10992509871721268
0.10772973299026489
0.11013339459896088
0.10883032530546188
0.11522301286458969
0.127713143825531
0.11706490069627762
0.11758960783481598
0.1126037985086441
0.1145901083946228
0.11670375615358353
0.11395350843667984
0.11690523475408554
0.10545315593481064
0.10590975731611252
0.10804204642772675
0.11408534646034241
0.1045927032828331
0.1045479029417038
0.11084885150194168
0.11187577247619629
0.1010691449046135
0.11257854104042053
0.11351320147514343
0.11816132068634033
0.10017948597669601
0.11888497322797775
0.11068045347929001
0.11091142892837524
0.10888172686100006
0.10676600784063339
0.12835069000720978
0.1343006193637848
0.13193821907043457
0.12976185977458954
0.12945541739463806
0.11641029268503189
0.11551136523485184
0.11601824313402176
0.11086784303188324
0.11283549666404724
0.11434409022331238
0.11910612136125565
0.108364038169384
0.11040851473808289
0.11381369829177856
0.10475970059633255
0.11513172835111618
0.11302459985017776
0.1091049388051033
0.10621661692857742
0.10986730456352234
0.11333459615707397
0.10746023803949356
0.10966378450393677
0.1084265187382698
0.11126518249511719
0.11461292952299118
0.11618052423000336
0.1107412651181221
0.11761485785245895
0.10899132490158081
0.1043308898806572
0.09848703444004059
0.10532598942518234
0.10729584097862244
0.11186491698026657
0.11282539367675781
0.11452899873256683
0.11284921318292618
0.1059245690703392
0.10511163622140884
0.11948437988758087
0.11047232896089554
0.1124354749917984
0.11277814954519272
0.11483041942119598
0.11120996624231339
0.10273931920528412
0.11489901691675186
0.10535655915737152
0.11381889879703522
0.10189048945903778
0.1071273535490036
0.11290903389453888
0.11051620543003082
0.11101065576076508
0.11650107800960541
0.11394751816987991
0.11125855892896652
0.10734240710735321
0.10744971036911011
0.11054316908121109
0.10571490228176117
0.11692667752504349
0.11438737064599991
0.1060376912355423
0.12006255239248276
0.11702858656644821
0.11209022998809814
0.12421686202287674
0.11205639690160751
0.10578551143407822
0.10483933240175247
0.11022733896970749
0.1087992787361145
0.11085904389619827
0.11137942224740982
0.11861484497785568
0.11191817373037338
0.11334961652755737
0.11243139952421188
0.11780880391597748
0.11005844175815582
0.10891208797693253
0.11244426667690277
0.1127341091632843
0.10724452883005142
0.10643643140792847
0.11390843987464905
0.11614637076854706
0.2610940635204315
0.24071703851222992
0.23052434623241425
0.21856902539730072
0.20024973154067993
0.18411000072956085
0.16743528842926025
0.1626611202955246
0.14301744103431702
0.15369902551174164
0.14493264257907867
0.1387474238872528
0.13475973904132843
0.13410396873950958
0.12604433298110962
0.1210940033197403
0.12641499936580658
0.12387214601039886
0.11838903278112411
0.11009450256824493
0.11182994395494461
0.12494900077581406
0.11823371797800064
0.11320038139820099
0.1078903079032898
0.11545094102621078
0.1096472516655922
0.1151454970240593
0.12003343552350998
0.12113967537879944
0.11964926868677139
0.11322092264890671
0.10800541192293167
0.11001613736152649
0.11351735889911652
0.11365385353565216
0.11508706957101822
0.109589584171772
0.11134133487939835
0.12451135367155075
0.11886744946241379
0.11282427608966827
0.11485947668552399
0.11892551928758621
0.11429309099912643
0.10702282935380936
0.11073664575815201
0.11694645136594772
0.11676854640245438
0.11210320144891739
0.1043497622013092
0.10811188071966171
0.11131294071674347
0.10567235946655273
0.10404270142316818
0.12026119977235794
0.1188289076089859
0.10768913477659225
0.12290923297405243
0.12099507451057434
0.10560968518257141
0.1128368154168129
0.11161980777978897
0.11905170232057571
0.11861424893140793
0.11262358725070953
0.10958048701286316
0.11964484304189682
0.10524864494800568
0.10384105145931244
0.11715291440486908
0.1092362105846405
0.1086205467581749
0.11356893926858902
0.10955271124839783
0.11476747691631317
0.11308380216360092
0.10785972326993942
0.11764197051525116
0.10569106042385101
0.11680436134338379
0.11477384716272354
0.12100464105606079
0.11445711553096771
0.10215894877910614
0.11273253709077835
0.10810857266187668
0.11020293831825256
0.10503208637237549
0.11107716709375381
0.10552140325307846
0.11066208779811859
0.1072465181350708
0.1071171909570694
0.10943111032247543
0.11127837002277374
0.11636583507061005
0.11188629269599915
0.10246793180704117
0.11536768078804016
0.11318617314100266
0.10663028061389923
0.10680900514125824
0.1084900051355362
0.11344169825315475
0.11586687713861465
0.10882046073675156
0.11244317144155502
0.10848125070333481
0.10772671550512314
0.11081542074680328
0.11279064416885376
0.10834181308746338
0.10750189423561096
0.11069223284721375
0.10477735847234726
0.11080732941627502
0.11818108707666397
0.11248337477445602
0.11215754598379135
0.10613568872213364
0.11580939590930939
0.12029318511486053
0.10100230574607849
0.11147753149271011
0.11413691192865372
0.09999490529298782
0.10634795576334
0.11088050901889801
0.10561399161815643
0.12063434720039368
0.11123743653297424
0.10633799433708191
0.10745768994092941
0.1134471520781517
0.11434169858694077
0.11410573124885559
0.11449135839939117
0.11122408509254456
0.10525231808423996
0.11652784049510956
0.12138836085796356
0.11283144354820251
0.1137954518198967
0.10988321900367737
0.10685425996780396
0.10718179494142532
0.10698441416025162
0.11433509737253189
0.1197700947523117
0.1233026385307312
0.12051417678594589
0.11750079691410065
0.11454952508211136
0.11572878062725067
0.11320765316486359
0.1061854436993599
0.10611332952976227
0.12476619333028793
0.12042165547609329
0.12283831834793091
0.11571954935789108
0.10358836501836777
0.11365214735269547
0.10085145384073257
0.11171875894069672
0.11418037861585617
0.114749476313591
0.12519250810146332
0.11430350691080093
0.115827277302742
0.117958664894104
0.12697681784629822
0.11090148985385895
0.11257787048816681
0.11331598460674286
0.1067696288228035
0.10891442745923996
0.11686069518327713
0.11644290387630463
0.10892048478126526
0.12169535458087921
0.10779913514852524
0.10559209436178207
0.11070317775011063
0.10236070305109024
0.12175648659467697
0.11096016317605972
0.11434968560934067
0.11632295697927475
0.11167607456445694
0.12209499627351761
0.12175220996141434
0.10963965952396393
0.11517128348350525
0.12112941592931747
0.11214402318000793
0.11841697245836258
0.10773909837007523
0.1087382584810257
0.11207170784473419
0.10752077400684357
0.10907948762178421
0.1151685118675232
0.11072523146867752
0.11212612688541412
0.10761606693267822
0.11297649890184402
0.10717183351516724
0.10590267181396484
0.10625314712524414
0.11620786041021347
0.11380066722631454
0.11279569566249847
0.12005435675382614
0.10920394212007523
0.1153101772069931
0.10493282228708267
0.10703329741954803
0.11513379961252213
0.11513231694698334
0.1103387102484703
0.1029447540640831
0.09926559031009674
0.11496904492378235
0.10537389665842056
0.10318078100681305
0.10418973118066788
0.10594597458839417
0.11099845916032791
0.10455644875764847
0.11721501499414444
0.10838031023740768
0.10958649963140488
0.10014119744300842
0.1060466468334198
0.10834956914186478
0.10390155017375946
0.11426853388547897
0.11098207533359528
0.10646005719900131
0.10465146601200104
0.10895964503288269
0.1023138016462326
0.10858043283224106
0.10477858781814575
0.10751505196094513
0.10370286554098129
0.11490723490715027
0.10647711902856827
0.1059175580739975
0.10434888303279877
0.11357787996530533
0.0992010235786438
0.10571201890707016
0.10719144344329834
0.11055424809455872
0.10917229950428009
0.10339806973934174
0.10174182802438736
0.10502257198095322
0.10337396711111069
0.10416299104690552
0.10517549514770508
0.10112950950860977
0.10545483976602554
0.10598133504390717
0.10786385089159012
0.10881244391202927
0.10604924708604813
0.11963735520839691
0.10646001994609833
0.11104681342840195
0.1113944873213768
0.11474694311618805
0.11301039904356003
0.10945689678192139
0.11034034192562103
0.11398627609014511
0.10622674971818924
0.10845937579870224
0.10972784459590912
0.10174264758825302
0.10404420644044876
0.11724334210157394
0.10709311813116074
0.10476510226726532
0.10198033601045609
0.11312027275562286
0.11003976315259933
0.10892026126384735
0.10572989284992218
0.10275784134864807
0.11212759464979172
0.11308149993419647
0.1113663911819458
0.10961971431970596
0.10495126992464066
0.11327550560235977
0.10655294358730316
0.10520122200250626
0.10620169341564178
0.11187127977609634
0.10704080760478973
0.1100926324725151
0.11600581556558609
0.10204929113388062
0.10855381935834885
0.10912155359983444
0.11643201112747192
0.10618039965629578
0.10850857943296432
0.10838150978088379
0.11576233059167862
0.10227379947900772
0.11083908379077911
0.11271669715642929
0.11711227893829346
0.11678686738014221
0.11998304724693298
0.10182390362024307
0.10534332692623138
0.10711131989955902
0.10772758722305298
0.11048244684934616
0.11705614626407623
0.10569179058074951
0.09849010407924652
0.11075674742460251
0.10525228828191757
0.11158044636249542
0.10119374841451645
0.10673131793737411
0.1101483553647995
0.10632538050413132
0.10998626798391342
0.10679361969232559
0.12068998068571091
0.10626860707998276
0.10757602751255035
0.11803729832172394
0.10501454770565033
0.1105116531252861
0.11168676614761353
0.10618752241134644
0.10762564837932587
0.10942068696022034
0.10796485841274261
0.11105768382549286
0.11268138140439987
0.11038684099912643
0.11107655614614487
0.11214426904916763
0.11801974475383759
0.11942306905984879
0.11371753364801407
0.11784585565328598
0.10437481850385666
0.10185462236404419
0.10492435097694397
0.10621533542871475
0.10829614847898483
0.10885113477706909
0.09615369141101837
0.10851924121379852
0.09897930175065994
0.10932377725839615
0.1105111837387085
0.11396296322345734
0.10535109788179398
0.10026871412992477
0.10060454159975052
0.11199235171079636
0.10074476897716522
0.1083674430847168
0.10384442657232285
0.10504509508609772
0.10798925161361694
0.0985119640827179
0.10242882370948792
0.10786490142345428
0.10722891241312027
0.09954581409692764
0.09799433499574661
0.10333818197250366
0.10968532413244247
0.1131732240319252
0.11357158422470093
0.10598437488079071
0.10550328344106674
0.11373940110206604
0.115273617208004
0.09945861250162125
0.11073259264230728
0.10811508446931839
0.10947193950414658
0.1118636503815651
0.10057856887578964
0.11318457871675491
0.11325154453516006
0.11705458164215088
0.11710431426763535
0.10402514785528183
0.10064845532178879
0.10126183927059174
0.10298047214746475
0.10761331766843796
0.10907570272684097
0.10851521790027618
0.1058049127459526
0.11318031698465347
0.11257839947938919
0.09769730269908905
0.0990867018699646
0.11161740124225616
0.1292346715927124
0.12369576841592789
0.1158856526017189
0.11937753111124039
0.12385237216949463
0.1211954802274704
0.11110054701566696
0.1147700622677803
0.11042726784944534
0.11388973891735077
0.09979043900966644
0.11004740744829178
0.11007504910230637
0.11743089556694031
0.1036924496293068
0.11039586365222931
0.10915891081094742
0.10987981408834457
0.11474200338125229
0.11111956089735031
0.10776394605636597
0.10393349081277847
0.09717756509780884
0.1134830191731453
0.10598436743021011
0.10222577303647995
0.10893001407384872
0.10881401598453522
0.1084485799074173
0.10131866484880447
0.10862068086862564
0.10771464556455612
0.11241225153207779
0.11075195670127869
0.11417458951473236
0.1078510507941246
0.10944786667823792
0.10876568406820297
0.10121402889490128
0.10674364119768143
0.10514821112155914
0.10380178689956665
0.10958269238471985
0.10284727811813354
0.10800276696681976
0.10715092718601227
0.1030118316411972
0.10575255751609802
0.11137688159942627
0.10446952283382416
0.11003568768501282
0.10607121884822845
0.10726570338010788
0.11293640732765198
0.10437936335802078
0.10133987665176392
0.10195189714431763
0.10779968649148941
0.1095721572637558
0.105787493288517
0.11056168377399445
0.10708634555339813
0.10979483276605606
0.10963189601898193
0.11219535022974014
0.09830693155527115
0.1116250678896904
0.10445686429738998
0.10232893377542496
0.11453048139810562
0.10685020685195923
0.11138328164815903
0.10186516493558884
0.10355313122272491
0.1011742576956749
0.10010285675525665
0.10455774515867233
0.10978606343269348
0.11082711070775986
0.10291710495948792
0.09873375296592712
0.10990612208843231
0.11203524470329285
0.10557308793067932
0.10803566128015518
0.10558255016803741
0.10564107447862625
0.1108904480934143
0.09878067672252655
0.10720422863960266
0.10411496460437775
0.11052664369344711
0.10120254755020142
0.11027989536523819
0.10045241564512253
0.1121019795536995
0.10753211379051208
0.10645553469657898
0.11176809668540955
0.11084763705730438
0.10686377435922623
0.10543849319219589
0.10628563910722733
0.11108915507793427
0.10305856913328171
0.10161920636892319
0.10806910693645477
0.10818149149417877
0.110057532787323
0.10822216421365738
0.10812408477067947
0.10806027799844742
0.09906657040119171
0.10320647805929184
0.11260150372982025
0.1013411283493042
0.09911488741636276
0.10372460633516312
0.10670214146375656
0.1088787391781807
0.09564825892448425
0.11047053337097168
0.11838211864233017
0.10806278139352798
0.10956454277038574
0.10281070321798325
0.10935532301664352
0.10620076954364777
0.10674780607223511
0.09704945236444473
0.10492150485515594
0.10369756072759628
0.11626619100570679
0.11279400438070297
0.10201342403888702
0.10984040796756744
0.10497859865427017
0.10911241918802261
0.1035432517528534
0.11682643741369247
0.1107732355594635
0.09770185500383377
0.11159716546535492
0.10417820513248444
0.10328928381204605
0.1015469878911972
0.10575307160615921
0.11281237751245499
0.10465098172426224
0.10433930158615112
0.10288242995738983
0.10111157596111298
0.1054624542593956
0.10049016028642654
0.10613052546977997
0.10666795819997787
0.11029426753520966
0.10430293530225754
0.10564806312322617
0.09959786385297775
0.11158822476863861
0.11495841294527054
0.10819635540246964
0.10470917820930481
0.10900421440601349
0.11175843328237534
0.10217390954494476
0.10579247027635574
0.09383855760097504
0.10964030772447586
0.10107796639204025
0.11705908924341202
0.1039290577173233
0.10134165734052658
0.10565254092216492
0.11512553691864014
0.10444873571395874
0.10402915626764297
0.09534598886966705
0.1157417818903923
0.11384408175945282
0.10922149568796158
0.10216958820819855
0.1059388816356659
0.09457520395517349
0.10812132805585861
0.110826775431633
0.10553041100502014
0.10322263091802597
0.10203000903129578
0.10155627876520157
0.10296250879764557
0.10033325850963593
0.10897165536880493
0.10388823598623276
0.10506297647953033
0.1088406890630722
0.1046137660741806
0.10459908843040466
0.10316538065671921
0.10452426970005035
0.11570494621992111
0.11092589795589447
0.10810163617134094
0.10075725615024567
0.09641370177268982
0.10351850092411041
0.1016714870929718
0.10195115208625793
0.09974077343940735
0.10433585941791534
0.10067220032215118
0.10505981743335724
0.10394815355539322
0.09482088685035706
0.11124624311923981
0.10324183106422424
0.09078950434923172
0.09914328157901764
0.10621222108602524
0.10861925035715103
0.10421091318130493
0.110146664083004
0.10813173651695251
0.0934542566537857
0.10902147740125656
0.10553279519081116
0.10404299199581146
0.11346902698278427
0.11452687531709671
0.1094171479344368
0.10142607241868973
0.1048664003610611
0.11057120561599731
0.11326023936271667
0.10300783067941666
0.09581386297941208
0.10550306737422943
0.10553888976573944
0.10924777388572693
0.10206613689661026
0.10044308006763458
0.10166732221841812
0.1038234755396843
0.1012209951877594
0.11312376707792282
0.10731789469718933
0.10303855687379837
0.10116670280694962
0.09628544747829437
0.09459364414215088
0.10010454803705215
0.09925688803195953
0.10492480546236038
0.10621970146894455
0.09623964130878448
0.09701868146657944
0.10561671853065491
0.11220111697912216
0.10145317763090134
0.09983865171670914
0.10280843824148178
0.10077166557312012
0.10628075897693634
0.10138047486543655
0.1087077260017395
0.10591839998960495
0.1099616289138794
0.10939469188451767
0.10734564810991287
0.10916734486818314
0.1077362447977066
0.10525000840425491
0.10691912472248077
0.1165812611579895
0.10713722556829453
0.1066456213593483
0.10830569267272949
0.11263545602560043
0.09273765981197357
0.10352233052253723
0.11623609066009521
0.10317709296941757
0.10039142519235611
0.10790067911148071
0.10810381174087524
0.10788954049348831
0.10137143731117249
0.09917619824409485
0.10759824514389038
0.10137705504894257
0.10104276239871979
0.10035217553377151
0.10412654280662537
0.10329867899417877
0.10437506437301636
0.10091594606637955
0.0998007282614708
0.10293690115213394
0.09983658790588379
0.10633985698223114
0.09863773733377457
0.10334579646587372
0.10956411808729172
0.10556542128324509
0.1066613495349884
0.11111458390951157
0.10722745209932327
0.10065276175737381
0.10649384558200836
0.09641582518815994
0.10806983709335327
0.09880305826663971
0.10479371249675751
0.10310468077659607
0.11593770980834961
0.10606977343559265
0.0947924479842186
0.11316685378551483
0.1017465889453888
0.10455959290266037
0.10167782753705978
0.09804892539978027
0.10539814084768295
0.10660889744758606
0.09841888397932053
0.10493919253349304
0.10809769481420517
0.10924594104290009
0.0991075187921524
0.10360816866159439
0.09808289259672165
0.10806114971637726
0.09441392868757248
0.11496903002262115
0.1045168861746788
0.10866596549749374
0.1004909798502922
0.1033177301287651
0.09761341661214828
0.09806112945079803
0.104935422539711
0.11311470717191696
0.09965763986110687
0.10682571679353714
0.10419315844774246
0.10588473826646805
0.09478191286325455
0.10038722306489944
0.10925794392824173
0.09847463667392731
0.0956154614686966
0.11229485273361206
0.11162591725587845
0.1001778170466423
0.1002524122595787
0.10297694802284241
0.10660577565431595
0.10216408967971802
0.10243669897317886
0.10369330644607544
0.10419298708438873
0.10580497980117798
0.10655008256435394
0.11016688495874405
0.10401174426078796
0.10705245286226273
0.1203833818435669
0.0951608344912529
0.10466930270195007
0.10817163437604904
0.10732022672891617
0.10898026078939438
0.10566890239715576
0.09529358893632889
0.1094590574502945
0.10293996334075928
0.10496217757463455
0.11484287679195404
0.0950813964009285
0.10252868384122849
0.0977545753121376
0.11134219169616699
0.10369734466075897
0.1007365733385086
0.09737125039100647
0.11136393994092941
0.09953616559505463
0.10780929028987885
0.11019349843263626
0.10466643422842026
0.10463090986013412
0.09096932411193848
0.10828059911727905
0.10314123332500458
0.1059797927737236
0.10201683640480042
0.1000058576464653
0.10731740295886993
0.1105726808309555
0.10748381912708282
0.10060971975326538
0.09716273099184036
0.1029135212302208
0.10465122014284134
0.10436205565929413
0.10560257732868195
0.10885332524776459
0.11739782989025116
0.10240253806114197
0.09110455214977264
0.09994320571422577
0.11274054646492004
0.10208291560411453
0.1064038872718811
0.09711570292711258
0.10621722042560577
0.09820438921451569
0.09324175864458084
0.10782342404127121
0.1071048304438591
0.08903976529836655
0.10887813568115234
0.09532222896814346
0.09601527452468872
0.09698060154914856
0.1115027591586113
0.10714796930551529
0.10959353297948837
0.10223850607872009
0.0974651351571083
0.1006895899772644
0.1013994812965393
0.10270509868860245
0.09955762326717377
0.10027816891670227
0.10550616681575775
0.09849144518375397
0.0984802171587944
0.10105164349079132
0.10468381643295288
0.10316017270088196
0.09054852277040482
0.10277476906776428
0.1064615324139595
0.10391470789909363
0.0976463183760643
0.0992433950304985
0.10058443993330002
0.10138130933046341
0.11431197077035904
0.10590844601392746
0.10139914602041245
0.10329969227313995
0.10756126791238785
0.10309737175703049
0.11713986098766327
0.09498562663793564
0.10810831934213638
0.10464257001876831
0.10953562706708908
0.09897809475660324
0.09095381200313568
0.09935346990823746
0.09449544548988342
0.09679718315601349
0.09844189137220383
0.09841921180486679
0.10663413256406784
0.11807247251272202
0.10523999482393265
0.10803952813148499
0.10410072654485703
0.10525040328502655
0.10806155949831009
0.10624326020479202
0.10616236180067062
0.10272517055273056
0.10022110491991043
0.10206355154514313
0.10348785668611526
0.10192953050136566
0.09678623825311661
0.10428579151630402
0.1005370244383812
0.09193243831396103
0.10118086636066437
0.10286983847618103
0.10803507268428802
0.09727779030799866
0.11007542908191681
0.10289067775011063
0.10275079309940338
0.10036658495664597
0.09775009751319885
0.09457318484783173
0.10544080287218094
0.10891756415367126
0.10554781556129456
0.1042882427573204
0.1023942157626152
0.10515454411506653
0.1098819375038147
0.10015890747308731
0.10365268588066101
0.1065388023853302
0.11460119485855103
0.1053541749715805
0.10123420506715775
0.10831941664218903
0.09739366918802261
0.10791216045618057
0.10614441335201263
0.1006513386964798
0.09747503697872162
0.10379262268543243
0.10945160686969757
0.1001485213637352
0.09924948960542679
0.10171778500080109
0.1081685870885849
0.11097341030836105
0.10686569660902023
0.10382446646690369
0.10928903520107269
0.10113919526338577
0.100603386759758
0.09038838744163513
0.09910217672586441
0.10103266686201096
0.10231932252645493
0.10636395961046219
0.11092420667409897
0.10631866753101349
0.09928833693265915
0.09654325991868973
0.11446449905633926
0.10535642504692078
0.10581966489553452
0.10658726841211319
0.10342613607645035
0.10029259324073792
0.09415475279092789
0.1080382838845253
0.09688159078359604
0.110425665974617
0.0968441292643547
0.1054735779762268
0.10348108410835266
0.1023927628993988
0.10231678187847137
0.11018738150596619
0.11244167387485504
0.10672923922538757
0.10117494314908981
0.09912095963954926
0.101612389087677
0.09609583765268326
0.10825351625680923
0.1015448346734047
0.09598870575428009
0.11051550507545471
0.1083291545510292
0.1024283841252327
0.1165151596069336
0.10691036283969879
0.5021551251411438
0.48350125551223755
0.4466884136199951
0.4295692443847656
0.422155499458313
0.4140128791332245
0.3966849148273468
0.37531810998916626
0.3905322551727295
0.3798995316028595
0.3553391695022583
0.3489331007003784
0.3244895339012146
0.32160115242004395
0.3049532175064087
0.30027759075164795
0.29302453994750977
0.2835817039012909
0.2849809527397156
0.27484023571014404
0.2516529858112335
0.2576790153980255
0.25515279173851013
0.24174131453037262
0.23558278381824493
0.22913458943367004
0.21740500628948212
0.2145652025938034
0.20915576815605164
0.21336309611797333
0.20197954773902893
0.199804425239563
0.20117707550525665
0.1894136220216751
0.18983428180217743
0.18298181891441345
0.19063402712345123
0.17668429017066956
0.17179551720619202
0.17144528031349182
0.1838858723640442
0.16985024511814117
0.16093072295188904
0.15934354066848755
0.16959603130817413
0.15058007836341858
0.15498171746730804
0.16528265178203583
0.15431663393974304
0.16048602759838104
0.15061256289482117
0.14233677089214325
0.14604024589061737
0.1418335884809494
0.1390807032585144
0.14814206957817078
0.13788092136383057
0.13669472932815552
0.1397160142660141
0.13568489253520966
0.13594655692577362
0.12928247451782227
0.1367761641740799
0.13188228011131287
0.12645606696605682
0.12943227589130402
0.13359935581684113
0.1289534568786621
0.12977474927902222
0.12373622506856918
0.12929686903953552
0.1341913789510727
0.13011643290519714
0.1226889044046402
0.13204944133758545
0.1273471862077713
0.129438117146492
0.12948490679264069
0.13356667757034302
0.12626954913139343
0.12546178698539734
0.12535589933395386
0.12656183540821075
0.14378681778907776
0.1256047636270523
0.12845176458358765
0.13519781827926636
0.12669925391674042
0.11877167224884033
0.12324351817369461
0.1270723044872284
0.1195904016494751
0.12248934060335159
0.12386127561330795
0.11934282630681992
0.12221473455429077
0.11789602786302567
0.12577927112579346
0.1184995025396347
0.12595587968826294
0.1300388127565384
0.12934625148773193
0.11995624005794525
0.1156935766339302
0.12093857675790787
0.11700379103422165
0.11975327879190445
0.11760742217302322
0.11756062507629395
0.11249533295631409
0.12067963182926178
0.11999555677175522
0.11910681426525116
0.11561296880245209
0.11975989490747452
0.12047084420919418
0.11481810361146927
0.10711272060871124
0.11741495132446289
0.12377115339040756
0.11907009035348892
0.1110052764415741
0.1142163872718811
0.11789929866790771
0.11758672446012497
0.1119866818189621
0.11552813649177551
0.11237596720457077
0.11815003305673599
0.11725426465272903
0.11411178857088089
0.10880902409553528
0.11260055005550385
0.11643056571483612
0.11187353730201721
0.11243164539337158
0.11217310279607773
0.10968498885631561
0.11349687725305557
0.11060164868831635
0.11613141745328903
0.11838936060667038
0.11404533684253693
0.11633521318435669
0.1173446848988533
0.10589496791362762
0.11440081149339676
0.11408235132694244
0.11098390817642212
0.12371840327978134
0.11149376630783081
0.10716070979833603
0.10858755558729172
0.11575812101364136
0.10740713775157928
0.11532951891422272
0.12058556824922562
0.11183998733758926
0.1070651188492775
0.1209358274936676
0.12029509246349335
0.11613443493843079
0.10868236422538757
0.11626691371202469
0.11384547501802444
0.11444082856178284
0.11142598092556
0.1020771861076355
0.11261800676584244
0.11334558576345444
0.11161002516746521
0.10906503349542618
0.1149163544178009
0.11275271326303482
0.1138673946261406
0.10268822312355042
0.11147593706846237
0.11303931474685669
0.11002857983112335
0.11210502684116364
0.11727424710988998
0.09908325970172882
0.11506936699151993
0.10252824425697327
0.10819383710622787
0.11327926069498062
0.11126633733510971
0.11809951066970825
0.10981234908103943
0.11094539612531662
0.11450441181659698
0.12016134709119797
0.10675188899040222
0.11644069105386734
0.1077089011669159
0.11244238168001175
0.10816039144992828
0.10812349617481232
0.11659669876098633
0.10869542509317398
0.11847987771034241
0.10624726116657257
0.10435597598552704
0.1095140129327774
0.10550910234451294
0.11501451581716537
0.10599400848150253
0.10906979441642761
0.1117754802107811
0.11446695774793625
0.11220334470272064
0.11567074060440063
0.09771271795034409
0.1081480011343956
0.11815479397773743
0.11009377986192703
0.11163125932216644
0.10745371133089066
0.10349339991807938
0.11218790709972382
0.10466384887695312
0.10864950716495514
0.11350666731595993
0.11200792342424393
0.11150170862674713
0.10787689685821533
0.11376241594552994
0.10278816521167755
0.10976963490247726
0.10724610090255737
0.11592810600996017
0.11166667938232422
0.11073778569698334
0.1170254573225975
0.11485756933689117
0.11051914095878601
0.10835893452167511
0.10600393265485764
0.1212674155831337
0.10903559625148773
0.11051418632268906
0.10610351711511612
0.09982366114854813
0.115415558218956
0.10546638816595078
0.10936340689659119
0.10278578102588654
0.10534393787384033
0.10840374231338501
0.1049346849322319
0.11921975761651993
0.10515037178993225
0.10754963010549545
0.0992603525519371
0.10541880130767822
0.10979500412940979
0.10581779479980469
0.11211805045604706
0.11004504561424255
0.10357373207807541
0.10792600363492966
0.10748626291751862
0.0994332954287529
0.10340661555528641
0.10905814170837402
0.10747786611318588
0.1045387014746666
0.11010672152042389
0.10803397744894028
0.10449922829866409
0.10429360717535019
0.11267518997192383
0.10028349608182907
0.10673241317272186
0.10718416422605515
0.10937919467687607
0.11208157986402512
0.09873281419277191
0.09891781955957413
0.1044938862323761
0.10323518514633179
0.0995737686753273
0.10224387049674988
0.1004408597946167
0.10383173823356628
0.10405915975570679
0.10498055070638657
0.1088949516415596
0.10220833122730255
0.11619653552770615
0.10537625849246979
0.11150941252708435
0.10902086645364761
0.11313284188508987
0.11040184646844864
0.1083875373005867
0.11156690865755081
0.1114644706249237
0.10396143794059753
0.11033418774604797
0.10918540507555008
0.09897875040769577
0.10031230002641678
0.11583034694194794
0.10307380557060242
0.10322418808937073
0.1086149737238884
0.10991891473531723
0.11038054525852203
0.10771394520998001
0.10221239179372787
0.10022860765457153
0.10889557749032974
0.11103876680135727
0.10981082916259766
0.10774312168359756
0.10396961867809296
0.11377059668302536
0.10310756415128708
0.10715830326080322
0.10519525408744812
0.11131766438484192
0.11004333943128586
0.10700011253356934
0.1092834547162056
0.1032290980219841
0.10612570494413376
0.10584525018930435
0.11997879296541214
0.1023077666759491
0.10733989626169205
0.10861840099096298
0.11102036386728287
0.10340059548616409
0.10405603051185608
0.1069091334939003
0.1114758774638176
0.11626122146844864
0.11722497642040253
0.09933003038167953
0.10045265406370163
0.10184027254581451
0.10527767986059189
0.10791365802288055
0.11318204551935196
0.10045111924409866
0.09867963939905167
0.11064828932285309
0.10199343413114548
0.10782650858163834
0.09716612845659256
0.10265716165304184
0.10673387348651886
0.10869800299406052
0.10900518298149109
0.10664740949869156
0.1157626211643219
0.10385347157716751
0.10271760076284409
0.11952339857816696
0.10335640609264374
0.1067134439945221
0.11152376234531403
0.1044408529996872
0.10519251227378845
0.1076536551117897
0.10701829940080643
0.10747834295034409
0.11034117639064789
0.10577286034822464
0.11018051207065582
0.1082635223865509
0.10580966621637344
0.32187944650650024
0.3165595233440399
0.30933740735054016
0.29321762919425964
0.28941142559051514
0.2713843286037445
0.2797119915485382
0.25488510727882385
0.24138058722019196
0.25004106760025024
0.23813089728355408
0.2307676076889038
0.21855200827121735
0.20891036093235016
0.21282771229743958
0.21461637318134308
0.20479919016361237
0.19687074422836304
0.1945493072271347
0.19034866988658905
0.18777605891227722
0.1911652386188507
0.1746360808610916
0.1734422892332077
0.170916348695755
0.16463519632816315
0.1719226986169815
0.16011954843997955
0.15915323793888092
0.1563391089439392
0.15667389333248138
0.16192221641540527
0.15901534259319305
0.15545669198036194
0.15435945987701416
0.1486997753381729
0.14790406823158264
0.14174573123455048
0.14372901618480682
0.14605985581874847
0.14254100620746613
0.14181989431381226
0.15004193782806396
0.13317063450813293
0.14449438452720642
0.14655864238739014
0.14491909742355347
0.14458908140659332
0.13347285985946655
0.13502374291419983
0.13497962057590485
0.13374105095863342
0.1370868682861328
0.1324416846036911
0.13121488690376282
0.13458098471164703
0.12510716915130615
0.12989525496959686
0.11728733777999878
0.12166433781385422
0.12870855629444122
0.1362597793340683
0.12441390752792358
0.1298830807209015
0.1375618278980255
0.13234518468379974
0.13412465155124664
0.1256471574306488
0.14458240568637848
0.12600460648536682
0.1265263557434082
0.12520278990268707
0.13125541806221008
0.1275922954082489
0.12887123227119446
0.12487006187438965
0.12791788578033447
0.1293514519929886
0.12471497058868408
0.13300903141498566
0.13041861355304718
0.11931444704532623
0.12322701513767242
0.11088521033525467
0.133844256401062
0.12201397866010666
0.11791004240512848
0.12809810042381287
0.12407100200653076
0.12538553774356842
0.12230665981769562
0.11615930497646332
0.11896224319934845
0.1304168701171875
0.12645693123340607
0.11652833223342896
0.12014694511890411
0.12456248700618744
0.12038004398345947
0.11529094725847244
0.11862850189208984
0.1190919578075409
0.11677684634923935
0.12262922525405884
0.11240141093730927
0.12406494468450546
0.12052478641271591
0.12361137568950653
0.1182231456041336
0.12030638754367828
0.11804075539112091
0.1279325932264328
0.11669713258743286
0.11791544407606125
0.12283065915107727
0.12150584906339645
0.10441301017999649
0.11683914810419083
0.11859488487243652
0.11626927554607391
0.118293397128582
0.11834421008825302
0.11939413100481033
0.12081997096538544
0.11885955929756165
0.12046600133180618
0.1085512563586235
0.11836358904838562
0.11388330906629562
0.10721717029809952
0.12316946685314178
0.11516042798757553
0.12638983130455017
0.1091889888048172
0.11409952491521835
0.11631365120410919
0.11402623355388641
0.11438604444265366
0.12368309497833252
0.12383264303207397
0.10827962309122086
0.10983119904994965
0.11303753405809402
0.12298653274774551
0.11548645794391632
0.11589688807725906
0.11110372841358185
0.11251290887594223
0.10923542082309723
0.11886755377054214
0.12181958556175232
0.11654975265264511
0.1232134997844696
0.11191073805093765
0.12017479538917542
0.11196012049913406
0.11512346565723419
0.107416070997715
0.12026187777519226
0.11810769140720367
0.11756203323602676
0.11738187074661255
0.11863597482442856
0.11454875767230988
0.11903409659862518
0.11698982864618301
0.11752535402774811
0.11964884400367737
0.11950752139091492
0.11689112335443497
0.1208522617816925
0.11426641792058945
0.11713480204343796
0.10695154964923859
0.11313022673130035
0.12180909514427185
0.10728728771209717
0.1043476015329361
0.11116388440132141
0.11702266335487366
0.11644774675369263
0.10117506980895996
0.11540420353412628
0.12034383416175842
0.11525383591651917
0.10865316540002823
0.11033686995506287
0.11350061744451523
0.10953453928232193
0.11199670284986496
0.10864707082509995
0.11160827428102493
0.11002711951732635
0.12284036725759506
0.11390722543001175
0.11443359404802322
0.11219866573810577
0.11743497103452682
0.11925794184207916
0.10816963016986847
0.11836439371109009
0.12156707793474197
0.10675489157438278
0.11188384890556335
0.10758991539478302
0.1167178824543953
0.10628072917461395
0.11519110202789307
0.1194119080901146
0.11502783745527267
0.10940885543823242
0.10763033479452133
0.11153233051300049
0.11629880964756012
0.10290877521038055
0.11090391874313354
0.11054524779319763
0.11579310894012451
0.10774258524179459
0.1080295592546463
0.10586974024772644
0.1165291965007782
0.11587311327457428
0.11420328170061111
0.11079674959182739
0.11072999984025955
0.11922013759613037
0.10574562102556229
0.11232133954763412
0.10056887567043304
0.11793506145477295
0.10850536078214645
0.11669264733791351
0.10983695089817047
0.11050257086753845
0.10997015982866287
0.11657249927520752
0.11159665137529373
0.10677119344472885
0.10605650395154953
0.11938180774450302
0.1150084137916565
0.11512428522109985
0.10603887587785721
0.112140953540802
0.10849595814943314
0.1107461079955101
0.1166299507021904
0.10629820823669434
0.10654466599225998
0.10741833597421646
0.10699401795864105
0.11577970534563065
0.10938504338264465
0.11372929811477661
0.10485778003931046
0.11492522060871124
0.10997936874628067
0.11293040215969086
0.1060689315199852
0.11039715260267258
0.11292517185211182
0.11479467898607254
0.11116998642683029
0.11056219786405563
0.1056792214512825
0.10108823329210281
0.1039622351527214
0.10955418646335602
0.10819482803344727
0.1047477126121521
0.10828524082899094
0.10391513258218765
0.10512714833021164
0.10533969849348068
0.10111004114151001
0.11734311282634735
0.10642456263303757
0.09652771800756454
0.10500138998031616
0.10597856342792511
0.10833505541086197
0.10479959100484848
0.11255514621734619
0.109604112803936
0.10101749002933502
0.11349034309387207
0.11181625723838806
0.11003788560628891
0.11553674936294556
0.12147655338048935
0.10798216611146927
0.10161485522985458
0.11072229593992233
0.10847039520740509
0.1122373566031456
0.10587052255868912
0.10043945908546448
0.10936462134122849
0.11106960475444794
0.11066712439060211
0.10566594451665878
0.10461913049221039
0.10347047448158264
0.10618892312049866
0.10747921466827393
0.11366473883390427
0.1104583591222763
0.10447073727846146
0.10260085761547089
0.09957556426525116
0.10231339186429977
0.10758688300848007
0.10062167793512344
0.10637500137090683
0.10506781190633774
0.10640863329172134
0.10078326612710953
0.11055219173431396
0.113497793674469
0.10253626853227615
0.1056661605834961
0.10215944051742554
0.1031278446316719
0.1089988723397255
0.10769712179899216
0.10546508431434631
0.10732562094926834
0.11295517534017563
0.113482765853405
0.1103663221001625
0.10806313157081604
0.10693873465061188
0.10498673468828201
0.10815764218568802
0.12006054073572159
0.10855266451835632
0.1059558168053627
0.10350464284420013
0.1117405891418457
0.09874048084020615
0.10705487430095673
0.20141877233982086
0.19480012357234955
0.18570654094219208
0.18591202795505524
0.17764875292778015
0.1806081235408783
0.16468261182308197
0.16263790428638458
0.16448014974594116
0.1662386655807495
0.15782254934310913
0.1636846661567688
0.15061482787132263
0.15763400495052338
0.1539413183927536
0.14237691462039948
0.14813676476478577
0.13852031528949738
0.1316402107477188
0.14006000757217407
0.1290590465068817
0.1406148374080658
0.1387067288160324
0.1382002830505371
0.13219712674617767
0.14068642258644104
0.13202303647994995
0.12325647473335266
0.14287449419498444
0.11777133494615555
0.13868477940559387
0.1174420639872551
0.12417691200971603
0.12332875281572342
0.1337764710187912
0.1254909187555313
0.12117768824100494
0.12988875806331635
0.12276904284954071
0.13070817291736603
0.11451162397861481
0.120588019490242
0.12168415635824203
0.1192706972360611
0.12088534235954285
0.12562309205532074
0.12327957898378372
0.1316215544939041
0.11741947382688522
0.11792582273483276
0.11587826162576675
0.11316931247711182
0.11038801819086075
0.12415162473917007
0.12240098416805267
0.12081794440746307
0.11848269402980804
0.11577397584915161
0.10991170257329941
0.10820919275283813
0.11744283884763718
0.1212959885597229
0.11383595317602158
0.12091127783060074
0.11682575941085815
0.11770728975534439
0.10774131864309311
0.11739426106214523
0.11988623440265656
0.11638746410608292
0.11260697990655899
0.11678055673837662
0.11825671046972275
0.11148972064256668
0.1154334619641304
0.11241675168275833
0.10843431204557419
0.11401499807834625
0.11125209927558899
0.11343388259410858
0.1139010563492775
0.11505141109228134
0.12038759887218475
0.11886560171842575
0.11923875659704208
0.11205544322729111
0.1258450597524643
0.11323151737451553
0.11582796275615692
0.11560902744531631
0.11137989908456802
0.12104109674692154
0.11394362896680832
0.10321047157049179
0.11975699663162231
0.11120272427797318
0.1183173730969429
0.11912550032138824
0.10926906764507294
0.1156156063079834
0.10920610278844833
0.12649284303188324
0.11310736835002899
0.10552097111940384
0.10610926151275635
0.12478748708963394
0.1083429753780365
0.11656392365694046
0.11809076368808746
0.11361711472272873
0.10696293413639069
0.10528486967086792
0.11550541967153549
0.11041723191738129
0.1201007142663002
0.1070280373096466
0.1059097945690155
0.11235310882329941
0.11707320809364319
0.10975180566310883
0.11021430790424347
0.1034112200140953
0.11269403249025345
0.10717941075563431
0.11260384321212769
0.11297236382961273
0.11066685616970062
0.12120479345321655
0.11250798404216766
0.10249713808298111
0.10552994161844254
0.11138114333152771
0.10713575780391693
0.1115497425198555
0.10226114094257355
0.11210815608501434
0.11018597334623337
0.10674536228179932
0.1062072217464447
0.10874472558498383
0.09608357399702072
0.12173648178577423
0.1023227721452713
0.10939335078001022
0.1056150421500206
0.11946984380483627
0.11411663889884949
0.10982192307710648
0.10812980681657791
0.10386162996292114
0.10678727179765701
0.10491681098937988
0.11200916022062302
0.10917369276285172
0.10518002510070801
0.10883008688688278
0.10175925493240356
0.10539255291223526
0.10645879060029984
0.10520301014184952
0.11278112977743149
0.09595189988613129
0.10782184451818466
0.1061365157365799
0.10890045762062073
0.1041555255651474
0.10491965711116791
0.1071048304438591
0.11030372977256775
0.1196347177028656
0.10688158124685287
0.10589230805635452
0.10960190743207932
0.11349155753850937
0.10883402079343796
0.12121303379535675
0.10078314691781998
0.11657600849866867
0.11213444918394089
0.10994227975606918
0.10349433869123459
0.09795083105564117
0.10813295841217041
0.10507834702730179
0.102410227060318
0.10586807876825333
0.10020261257886887
0.11095672845840454
0.1188318207859993
0.11001788824796677
0.10838042199611664
0.10397794842720032
0.10859493166208267
0.10786699503660202
0.10907794535160065
0.13103823363780975
0.13366548717021942
0.13498622179031372
0.1317051649093628
0.1307130604982376
0.12897920608520508
0.11801294982433319
0.12196454405784607
0.1192363053560257
0.11154095828533173
0.11888360977172852
0.12147774547338486
0.12251173704862595
0.11268385499715805
0.11975850909948349
0.11759818345308304
0.11700145155191422
0.11062877625226974
0.10738373547792435
0.10557457059621811
0.1145731583237648
0.11662795394659042
0.11084959656000137
0.11024538427591324
0.1087346225976944
0.11107943952083588
0.1142117828130722
0.11040180176496506
0.11167015880346298
0.1113356500864029
0.11814972758293152
0.10917074978351593
0.10793596506118774
0.11417592316865921
0.10141846537590027
0.11136888712644577
0.11015157401561737
0.10340303182601929
0.10134810209274292
0.10471569001674652
0.11377701163291931
0.10284548997879028
0.10396355390548706
0.10394682735204697
0.10814940184354782
0.11509621143341064
0.10697554796934128
0.10576600581407547
0.10807543247938156
0.105727419257164
0.10443385690450668
0.09453707933425903
0.10027143359184265
0.10818848758935928
0.10113812983036041
0.10507089644670486
0.11089698225259781
0.1100672110915184
0.10062581300735474
0.09827670454978943
0.11547371000051498
0.10799850523471832
0.10854696482419968
0.1069500595331192
0.1051013246178627
0.10228049755096436
0.09613427519798279
0.10738224536180496
0.09812900424003601
0.11056870967149734
0.1004614531993866
0.10406484454870224
0.10761183500289917
0.10414423048496246
0.10110756754875183
0.1106758564710617
0.1119367778301239
0.10982750356197357
0.10197076201438904
0.10004866868257523
0.10479815304279327
0.09602458029985428
0.10685950517654419
0.10445820540189743
0.10005903244018555
0.11466722190380096
0.10957690328359604
0.10289733856916428
0.11695916950702667
0.10731805860996246
0.10154704004526138
0.09400340169668198
0.10416367650032043
0.09637823700904846
0.09724100679159164
0.10381001979112625
0.10827992856502533
0.10220428556203842
0.10274169594049454
0.10532403737306595
0.11251579225063324
0.10205861181020737
0.10879991203546524
0.100376658141613
0.1081683561205864
0.09987330436706543
0.10185614228248596
0.10626409202814102
0.10760711878538132
0.09768855571746826
0.10007721930742264
0.09900520741939545
0.10740094631910324
0.10170651972293854
0.09983479976654053
0.09751671552658081
0.1043311133980751
0.09494293481111526
0.10547429323196411
0.11369839310646057
0.0979570746421814
0.10471545904874802
0.1120765432715416
0.09980180859565735
0.10115222632884979
0.09776066988706589
0.1131548061966896
0.10254442691802979
0.0994463711977005
0.09879103302955627
0.11532007902860641
0.10183052718639374
0.10271438956260681
0.09991519153118134
0.098122239112854
0.09794694185256958
0.10646049678325653
0.1047862321138382
0.11180367320775986
0.10510054975748062
0.0996563583612442
0.09778555482625961
0.10127800703048706
0.10194027423858643
0.10285820811986923
0.11086564511060715
0.10680323094129562
0.09576558321714401
0.10628799349069595
0.09982584416866302
0.09752878546714783
0.09373293071985245
0.10822498798370361
0.10222917050123215
0.09859801083803177
0.10051155835390091
0.10270038992166519
0.10329049080610275
0.09963186085224152
0.09385290741920471
0.09778977185487747
0.09949811547994614
0.09895894676446915
0.09530515223741531
0.10920657962560654
0.10694684088230133
0.10465224087238312
0.1106763482093811
0.10992442816495895
0.09870646893978119
0.10231371223926544
0.10667060315608978
0.10819961875677109
0.11215540021657944
0.10376740247011185
0.09607163816690445
0.11448444426059723
0.09631635248661041
0.0932513102889061
0.10711052268743515
0.1023680791258812
0.10007661581039429
0.10400080680847168
0.10099328309297562
0.10621296614408493
0.10822219401597977
0.09913164377212524
0.10883761942386627
0.09816715866327286
0.11030137538909912
0.1051507368683815
0.10845547914505005
0.1057567447423935
0.0944700688123703
0.10339706391096115
0.1016530692577362
0.10413786768913269
0.09713782370090485
0.1011054664850235
0.10151081532239914
0.10510508716106415
0.10101334005594254
0.1034095287322998
0.09824956208467484
0.10432214289903641
0.10858211666345596
0.10097113251686096
0.08993441611528397
0.10430476069450378
0.10533534735441208
0.10608618706464767
0.09650523960590363
0.10111124068498611
0.10598904639482498
0.10764609277248383
0.10048126429319382
0.10469423979520798
0.09941774606704712
0.10038815438747406
0.1008802056312561
0.10582256317138672
0.10021509975194931
0.09865732491016388
0.1058688685297966
0.09791994094848633
0.09938202053308487
0.10421374440193176
0.10158628225326538
0.10546658933162689
0.09946513175964355
0.10504165291786194
0.11010540276765823
0.09841085225343704
0.1054590493440628
0.10601945966482162
0.09426058828830719
0.09849442541599274
0.10607536137104034
0.09756743162870407
0.11282122880220413
0.10216095298528671
0.0976080670952797
0.09971220791339874
0.1109771654009819
0.10254603624343872
0.10727357119321823
0.10267195105552673
0.09843859076499939
0.0951889306306839
0.10851813852787018
0.11486101895570755
0.10379902273416519
0.10528770089149475
0.1012541800737381
0.10072268545627594
0.10182125121355057
0.1000591591000557
0.09748725593090057
0.1012052670121193
0.10510768741369247
0.1044500321149826
0.10133872926235199
0.10521482676267624
0.10245254635810852
0.10608311742544174
0.092872254550457
0.09745941311120987
0.10248097777366638
0.10356958210468292
0.10140994936227798
0.10738299787044525
0.08818180859088898
0.10068387538194656
0.08995847404003143
0.09987834095954895
0.09847462922334671
0.09760227054357529
0.1094379872083664
0.10030246526002884
0.10242890566587448
0.10531911998987198
0.11174242943525314
0.09673105180263519
0.10447319597005844
0.1043236255645752
0.10063504427671432
0.10080068558454514
0.10402919352054596
0.10945671796798706
0.09898965805768967
0.11381731182336807
0.10094211250543594
0.10009750723838806
0.10106651484966278
0.09411083161830902
0.11495795100927353
0.10261986404657364
0.10604213178157806
0.10268925875425339
0.10738184303045273
0.1052488312125206
0.10563396662473679
0.09738031029701233
0.09930949658155441
0.10893643647432327
0.10003945231437683
0.10468754917383194
0.09530983865261078
0.09565766155719757
0.10566413402557373
0.09789484739303589
0.1030714139342308
0.10563838481903076
0.10476444661617279
0.10099747031927109
0.09850503504276276
0.10995417833328247
0.09639841318130493
0.09767153114080429
0.09903937578201294
0.10795756429433823
0.10477343946695328
0.10331784188747406
0.11092571914196014
0.11132879555225372
0.1037682443857193
0.09765660762786865
0.1036195158958435
0.10999397933483124
0.10601266473531723
0.10490918904542923
0.1001918762922287
0.09524302184581757
0.1094481348991394
0.10359196364879608
0.10500190407037735
0.09152377396821976
0.09538634121417999
0.10120226442813873
0.10222076624631882
0.11649033427238464
0.10286956280469894
0.10575918853282928
0.09673149883747101
0.09862619638442993
0.10425101220607758
0.0981455147266388
0.10484486818313599
0.10232962667942047
0.09785910695791245
0.103427454829216
0.10207974910736084
0.09409355372190475
0.09816066920757294
0.10261157155036926
0.09929715842008591
0.09782898426055908
0.10502398014068604
0.10004478693008423
0.10368221253156662
0.09520264714956284
0.10669855028390884
0.09467890858650208
0.10858852416276932
0.10048718005418777
0.10478537529706955
0.1049310639500618
0.09197399765253067
0.09538252651691437
0.09836418181657791
0.09655392915010452
0.0971960574388504
0.10154636204242706
0.09658274054527283
0.09835837036371231
0.09976209700107574
0.0998871922492981
0.10578373819589615
0.09772990643978119
0.11443786323070526
0.10306569933891296
0.10427778959274292
0.10594869405031204
0.1097097173333168
0.10531572252511978
0.10614142566919327
0.10312235355377197
0.10670633614063263
0.09935681521892548
0.10483907163143158
0.10237537324428558
0.09738213568925858
0.09851286560297012
0.11042330414056778
0.100247822701931
0.0984988883137703
0.10295906662940979
0.1032082587480545
0.10393171012401581
0.10447785258293152
0.10454166680574417
0.09741102159023285
0.10591647773981094
0.10633192956447601
0.10645784437656403
0.1037040576338768
0.10087116807699203
0.10794863849878311
0.09993542730808258
0.10152914375066757
0.09975777566432953
0.107045479118824
0.10478541254997253
0.10331083834171295
0.10573656111955643
0.09651006758213043
0.10437741875648499
0.10441049188375473
0.11326833069324493
0.09813649207353592
0.10677740722894669
0.10660412907600403
0.10682999342679977
0.09977664798498154
0.10537242144346237
0.10271716862916946
0.1092243567109108
0.1128356084227562
0.10993971675634384
0.09408622235059738
0.09659964591264725
0.09912696480751038
0.09921423345804214
0.10218913108110428
0.11202093213796616
0.09664081782102585
0.0915868878364563
0.10786908119916916
0.09727706015110016
0.10517178475856781
0.09405585378408432
0.10210825502872467
0.10272838920354843
0.10303226858377457
0.10422322154045105
0.10005165636539459
0.11155454069375992
0.10224795341491699
0.09825348854064941
0.11418790370225906
0.10054683685302734
0.10023713111877441
0.10897770524024963
0.10202106088399887
0.0988428071141243
0.10589810460805893
0.10453405976295471
0.10157743096351624
0.10611458122730255
0.10544891655445099
0.10362619906663895
0.1076873317360878
0.10565504431724548
0.1117258071899414
0.0989939346909523
0.10623744130134583
0.09102299064397812
0.09442851692438126
0.10129541903734207
0.10066559910774231
0.1047125980257988
0.10248962789773941
0.09038751572370529
0.10399703681468964
0.09258697181940079
0.1017884686589241
0.10599428415298462
0.10730331391096115
0.10433482378721237
0.09620311111211777
0.09562625735998154
0.10537294298410416
0.09629694372415543
0.1024399846792221
0.10199403017759323
0.10093145817518234
0.1040935218334198
0.09498192369937897
0.0975332036614418
0.10517105460166931
0.09939063340425491
0.10230740159749985
0.09654095768928528
0.09816013276576996
0.10613276809453964
0.10927736759185791
0.10817161947488785
0.10412782430648804
0.09701359272003174
0.10785964131355286
0.11066663265228271
0.09539706259965897
0.10353410243988037
0.10104482620954514
0.10372943431138992
0.10469407588243484
0.09605606645345688
0.10334561765193939
0.11000270396471024
0.11236564069986343
0.10593190789222717
0.10129264742136002
0.0974941998720169
0.0974741131067276
0.09855633974075317
0.10054461658000946
0.11282314360141754
0.10507941246032715
0.09870666265487671
0.10766930878162384
0.10697667300701141
0.09256691485643387
0.09380629658699036
0.10560627281665802
0.0997144803404808
0.09588181227445602
0.09454990178346634
0.09727028757333755
0.10466042160987854
0.1038079783320427
0.09252267330884933
0.10629994422197342
0.09840624779462814
0.10210397839546204
0.09097154438495636
0.09927918016910553
0.09826839715242386
0.10874675959348679
0.09669910371303558
0.10167254507541656
0.10143177956342697
0.10012651979923248
0.10747768729925156
0.10498135536909103
0.10122664272785187
0.09496700763702393
0.09093884378671646
0.10657433420419693
0.10055072605609894
0.09288810193538666
0.09944187849760056
0.10601411759853363
0.10252881050109863
0.10076984018087387
0.10158810019493103
0.10236825793981552
0.1065605953335762
0.1049157977104187
0.10399356484413147
0.09832827746868134
0.10460267215967178
0.10400725901126862
0.09474098682403564
0.12892548739910126
0.12341856956481934
0.11997908353805542
0.12467844039201736
0.11350558698177338
0.1205907016992569
0.11797866970300674
0.11599871516227722
0.11865637451410294
0.11430726945400238
0.11296112090349197
0.11952172219753265
0.10470660775899887
0.11097568273544312
0.11687246710062027
0.10846006125211716
0.10107724368572235
0.10512186586856842
0.11266914755105972
0.10913041979074478
0.10526733100414276
0.11212509870529175
0.10534746944904327
0.11108674854040146
0.11047934740781784
0.10907036811113358
0.09667699784040451
0.1104758083820343
0.10704202950000763
0.097370445728302
0.11329306662082672
0.10416346043348312
0.11309700459241867
0.09897107630968094
0.10018431395292282
0.10315373539924622
0.1009550392627716
0.10050392895936966
0.1111135184764862
0.10917200148105621
0.09822560101747513
0.09659957885742188
0.10293471068143845
0.10988912731409073
0.1048450917005539
0.10403358936309814
0.099917933344841
0.10285916924476624
0.10333716869354248
0.10106955468654633
0.10431177914142609
0.10201846063137054
0.1063942015171051
0.09861459583044052
0.10636468231678009
0.09941582381725311
0.10896394401788712
0.098569855093956
0.10260019451379776
0.10794475674629211
0.1043267697095871
0.10432305186986923
0.10270848870277405
0.10516505688428879
0.11008013039827347
0.10284298658370972
0.09841568022966385
0.10400264710187912
0.10422754287719727
0.1051250472664833
0.10819303244352341
0.10207191109657288
0.10398044437170029
0.093514584004879
0.09792782366275787
0.10756701976060867
0.0968528464436531
0.09308476001024246
0.10099411755800247
0.10226574540138245
0.10587205737829208
0.09150344878435135
0.10515832901000977
0.11292656511068344
0.10357431322336197
0.10161015391349792
0.10065511614084244
0.10671704262495041
0.09929724782705307
0.10546931624412537
0.09635565429925919
0.09978406876325607
0.0974758192896843
0.11290794610977173
0.10984332114458084
0.10049732029438019
0.10357854515314102
0.10296038538217545
0.10735445469617844
0.10016851127147675
0.11128328740596771
0.10866070538759232
0.09501846134662628
0.10636036098003387
0.10103606432676315
0.10453394055366516
0.09699170291423798
0.10544884949922562
0.10751009732484818
0.10318306088447571
0.0983225554227829
0.09826180338859558
0.10318026691675186
0.09933383017778397
0.09685838967561722
0.10548728704452515
0.10119471698999405
0.1067572683095932
0.10033560544252396
0.09958648681640625
0.09475519508123398
0.11058182269334793
0.10781686753034592
0.10276371985673904
0.10051698982715607
0.10417459905147552
0.11060722172260284
0.09693310409784317
0.09894658625125885
0.08963862806558609
0.10614535212516785
0.0927274078130722
0.11347611993551254
0.10032621771097183
0.0996764749288559
0.10502813756465912
0.10967348515987396
0.09934860467910767
0.10055558383464813
0.09369788318872452
0.11295381933450699
0.11125239729881287
0.10652624815702438
0.10038198530673981
0.10409878939390182
0.09699016064405441
0.10097204893827438
0.10640259832143784
0.09716739505529404
0.09932686388492584
0.09708891808986664
0.0999896451830864
0.10559239238500595
0.09735275059938431
0.10332348942756653
0.10049506276845932
0.10142312198877335
0.10421594232320786
0.10374750196933746
0.10039473325014114
0.1023065447807312
0.10559168457984924
0.10720796883106232
0.10436902940273285
0.10234294831752777
0.10102421790361404
0.09309762716293335
0.09675157070159912
0.1012902557849884
0.09870511293411255
0.09581446647644043
0.0987502932548523
0.09458060562610626
0.09847202152013779
0.09957914799451828
0.09096991270780563
0.10776369273662567
0.10105493664741516
0.08836790919303894
0.09464851766824722
0.10044684261083603
0.10055757313966751
0.0976218581199646
0.10645051300525665
0.10461460053920746
0.09138350933790207
0.1061517745256424
0.10276564955711365
0.10034388303756714
0.10869607329368591
0.11330664902925491
0.10222303122282028
0.09845184534788132
0.10155918449163437
0.10497774183750153
0.10782863199710846
0.09806225448846817
0.09259407967329025
0.1041475310921669
0.10107950866222382
0.10674839466810226
0.09915436059236526
0.1006193608045578
0.09404724836349487
0.10182859003543854
0.09875137358903885
0.10730275511741638
0.10158945620059967
0.1007838323712349
0.09853040426969528
0.09409024566411972
0.0938054621219635
0.10113982856273651
0.09631040692329407
0.09880830347537994
0.09921620041131973
0.09725450724363327
0.09454900771379471
0.10157850384712219
0.10679888725280762
0.09620409458875656
0.09881757199764252
0.09558381885290146
0.09769853949546814
0.10301636159420013
0.10124924778938293
0.10100148618221283
0.10164736211299896
0.10637908428907394
0.10560580343008041
0.10527205467224121
0.1042793020606041
0.09847406297922134
0.09840098023414612
0.10222868621349335
0.11443875730037689
0.10365694761276245
0.10534357279539108
0.10126026719808578
0.10766088962554932
0.0920267254114151
0.10263902693986893
0.10822814702987671
0.1024847999215126
0.09920939803123474
0.1060187965631485
0.1058158278465271
0.10642765462398529
0.09888163954019547
0.09693776071071625
0.10651587694883347
0.10104729980230331
0.09491584450006485
0.10001888871192932
0.09746818244457245
0.10365501046180725
0.10111606121063232
0.10076875239610672
0.09423802047967911
0.10064880549907684
0.09702115505933762
0.10362616181373596
0.09902212023735046
0.10213784873485565
0.10609069466590881
0.10422883182764053
0.1049390584230423
0.10587102174758911
0.10202838480472565
0.09510350972414017
0.10245875269174576
0.09486005455255508
0.10598300397396088
0.09300726652145386
0.10385166108608246
0.09964786469936371
0.11171134561300278
0.10022136569023132
0.0944499596953392
0.11154302209615707
0.10374058037996292
0.09944139420986176
0.09763267636299133
0.09419874101877213
0.10035674273967743
0.10200982540845871
0.0966809093952179
0.10191463679075241
0.10327566415071487
0.10692330449819565
0.09709777683019638
0.1000945195555687
0.09685922414064407
0.10256628692150116
0.09040545672178268
0.10788743942975998
0.10206082463264465
0.10633379220962524
0.09623748064041138
0.09991846233606339
0.09221813827753067
0.0970960259437561
0.10196002572774887
0.10694219917058945
0.09788934886455536
0.10542747378349304
0.10168085247278214
0.09986298531293869
0.08972488343715668
0.09968208521604538
0.10593433678150177
0.09416167438030243
0.09730646014213562
0.10743795335292816
0.10881882160902023
0.09719982743263245
0.09683941304683685
0.10314743965864182
0.10230693221092224
0.09976042062044144
0.09695815294981003
0.10287576913833618
0.09986508637666702
0.09919550269842148
0.10624419152736664
0.10648920387029648
0.09835390001535416
0.10359586030244827
0.1143837496638298
0.09783098101615906
0.10028579086065292
0.10212409496307373
0.10585053265094757
0.10727773606777191
0.10470631718635559
0.09402374178171158
0.10527890175580978
0.09579499810934067
0.10464055091142654
0.10874135047197342
0.09247253835201263
0.10005734115839005
0.09642960131168365
0.10912040621042252
0.10418368130922318
0.09813487529754639
0.09981569647789001
0.1076999306678772
0.09784233570098877
0.10625461488962173
0.10531935840845108
0.09906934946775436
0.10178694874048233
0.08895925432443619
0.10829480737447739
0.09682959318161011
0.10214387625455856
0.1006174087524414
0.09921310096979141
0.10584402829408646
0.10765136778354645
0.10565950721502304
0.09981448203325272
0.09425230324268341
0.10026100277900696
0.0992690920829773
0.10344967991113663
0.10504522174596786
0.10511854290962219
0.11354032158851624
0.0991501584649086
0.0910327360033989
0.09660591185092926
0.10889560729265213
0.0999351292848587
0.10145845264196396
0.09523550420999527
0.10383990406990051
0.09669243544340134
0.09340310096740723
0.10032014548778534
0.10180779546499252
0.08778972178697586
0.10680114477872849
0.09347227960824966
0.09820058196783066
0.09379323571920395
0.11385778337717056
0.10517684370279312
0.10493312776088715
0.10009609162807465
0.09633559733629227
0.10142821818590164
0.09673278033733368
0.10028614103794098
0.09758934378623962
0.09434333443641663
0.10124653577804565
0.0943852886557579
0.09558401256799698
0.09627996385097504
0.10223283618688583
0.10143155604600906
0.08902736753225327
0.0985255315899849
0.10052288323640823
0.10189931094646454
0.09643681347370148
0.09818658232688904
0.0981312096118927
0.1010616347193718
0.11668036133050919
0.10344894975423813
0.10131955146789551
0.1000199168920517
0.10377366840839386
0.0998854711651802
0.11283917725086212
0.09420258551836014
0.10711129009723663
0.09967247396707535
0.10641618818044662
0.10027039051055908
0.09173225611448288
0.10170836001634598
0.09490100294351578
0.0941319465637207
0.09600178897380829
0.09809403866529465
0.10147461295127869
0.11565721780061722
0.10367225110530853
0.10368155688047409
0.09990468621253967
0.10020877420902252
0.10636071115732193
0.10137873888015747
0.10320760309696198
0.09897113591432571
0.09752251952886581
0.099545918405056
0.09963559359312057
0.09966467320919037
0.09223365783691406
0.0990874245762825
0.0996783897280693
0.08950736373662949
0.09721604734659195
0.10192319750785828
0.10386638343334198
0.09549310058355331
0.10487663745880127
0.09971462190151215
0.10057725757360458
0.09776342660188675
0.09673471748828888
0.09255509823560715
0.10357678681612015
0.10754294693470001
0.10021510720252991
0.09988023340702057
0.09754728525876999
0.10229223966598511
0.10621968656778336
0.1022408977150917
0.10135632753372192
0.10313062369823456
0.11015556752681732
0.10165595263242722
0.10027825087308884
0.10611236095428467
0.09623017907142639
0.10485336929559708
0.10364950448274612
0.09730919450521469
0.09588324278593063
0.09955353289842606
0.10798783600330353
0.09651190787553787
0.0973229706287384
0.09898034483194351
0.10250195115804672
0.10864055156707764
0.10047890245914459
0.10166309028863907
0.10358984768390656
0.10179457068443298
0.09805615991353989
0.09022355824708939
0.09726149588823318
0.10289900004863739
0.09642984718084335
0.1000446230173111
0.10638795047998428
0.10444504022598267
0.0959901288151741
0.09462931752204895
0.11014153063297272
0.10309461504220963
0.10342264175415039
0.10264905542135239
0.1024823784828186
0.09753797203302383
0.09433681517839432
0.10342391580343246
0.09298919886350632
0.10601852834224701
0.0953788086771965
0.09966199100017548
0.10370667278766632
0.10192792862653732
0.09614823013544083
0.10618835687637329
0.10976750403642654
0.10869187861680984
0.09966166317462921
0.0953846275806427
0.10171700268983841
0.09239517152309418
0.10414926707744598
0.10026910901069641
0.09771318733692169
0.11073899269104004
0.10550470650196075
0.0990498885512352
0.11339271813631058
0.10468953102827072
0.09830954670906067
0.08947309106588364
0.10060016065835953
0.09326836466789246
0.09427852183580399
0.10287155956029892
0.10649941861629486
0.10027827322483063
0.10074592381715775
0.10156379640102386
0.10912647843360901
0.09859807789325714
0.10634257644414902
0.09691739082336426
0.10592634975910187
0.09508863836526871
0.10036998987197876
0.10600996762514114
0.10353536158800125
0.0970044881105423
0.09858084470033646
0.09720251709222794
0.10327539592981339
0.09836547076702118
0.09584056586027145
0.09559311717748642
0.1011994481086731
0.09174848347902298
0.10399764031171799
0.11042792350053787
0.09236060827970505
0.10064942389726639
0.10786227881908417
0.09750684350728989
0.0995531901717186
0.09697936475276947
0.10992642492055893
0.10054020583629608
0.09854057431221008
0.0966210663318634
0.11039375513792038
0.09902511537075043
0.10145921260118484
0.09820359945297241
0.09560312330722809
0.09711697697639465
0.1060650497674942
0.10331989079713821
0.10757086426019669
0.10194803029298782
0.09582657366991043
0.0957392156124115
0.0995606929063797
0.09756153076887131
0.10231149941682816
0.106661856174469
0.10561063885688782
0.09170274436473846
0.10385281592607498
0.09822345525026321
0.09621274471282959
0.09163898974657059
0.10669271647930145
0.09982535243034363
0.09586173295974731
0.09958119690418243
0.09950978308916092
0.09883424639701843
0.09519093483686447
0.09153133630752563
0.09680960327386856
0.09868612140417099
0.09556857496500015
0.09354659169912338
0.10664388537406921
0.10545963793992996
0.10102469474077225
0.11017858237028122
0.10668233036994934
0.09568100422620773
0.10031252354383469
0.10200554132461548
0.10491227358579636
0.10732011497020721
0.10269694775342941
0.09387653321027756
0.11251291632652283
0.09247797727584839
0.09027878195047379
0.10819527506828308
0.10041443258523941
0.0966174453496933
0.09925326704978943
0.09957638382911682
0.1036761999130249
0.10607396811246872
0.09668789058923721
0.10486774146556854
0.0949523001909256
0.10870838910341263
0.10364200919866562
0.1066446527838707
0.10470623522996902
0.09256394952535629
0.10212182998657227
0.09958729147911072
0.10225454717874527
0.09492424875497818
0.098760686814785
0.1021486297249794
0.10216528177261353
0.09987778961658478
0.1010594591498375
0.09558586031198502
0.10272113978862762
0.10818290710449219
0.09944023936986923
0.08814062923192978
0.10230784863233566
0.10369683802127838
0.1032022163271904
0.09444925934076309
0.10054530203342438
0.1055423691868782
0.1048208624124527
0.10065149515867233
0.10451438277959824
0.09835825115442276
0.09833774715662003
0.09948834031820297
0.10497815161943436
0.0976090133190155
0.09559556841850281
0.10547292232513428
0.0992189571261406
0.0968995988368988
0.1034250259399414
0.10083054006099701
0.10657858848571777
0.09952457994222641
0.10240796208381653
0.10987703502178192
0.09586513042449951
0.10232798010110855
0.10381104797124863
0.09098263829946518
0.09628079831600189
0.10431387275457382
0.09564875066280365
0.11102300137281418
0.09992559999227524
0.09488803148269653
0.0980190560221672
0.11010821908712387
0.10012199729681015
0.10334698110818863
0.10227598249912262
0.09561388194561005
0.09374498575925827
0.10505888611078262
0.11298440396785736
0.10400085896253586
0.10333949327468872
0.09951566904783249
0.10130440443754196
0.10019311308860779
0.097677081823349
0.09537532925605774
0.09840603917837143
0.10281295329332352
0.10398340225219727
0.10033538937568665
0.1036008968949318
0.10238626599311829
0.10444782674312592
0.09203111380338669
0.09480910003185272
0.1021605059504509
0.10213042050600052
0.10110309720039368
0.10524404793977737
0.08847981691360474
0.09920458495616913
0.0876486524939537
0.09800388664007187
0.09676501899957657
0.09591442346572876
0.1100214272737503
0.10045468062162399
0.1013975739479065
0.10480906814336777
0.11120639741420746
0.09477323293685913
0.10383773595094681
0.1015281081199646
0.09885081648826599
0.09858210384845734
0.10312235355377197
0.10736226290464401
0.09735428541898727
0.11301303654909134
0.09837281703948975
0.09876182675361633
0.09830222278833389
0.0903485044836998
0.11306636780500412
0.10319752991199493
0.10604507476091385
0.10217006504535675
0.10427369177341461
0.1033429279923439
0.10258114337921143
0.09415172040462494
0.09659259766340256
0.10565727204084396
0.09839736670255661
0.10555624961853027
0.09243632107973099
0.09555165469646454
0.10368198156356812
0.09802506119012833
0.10067766159772873
0.10147430002689362
0.10199381411075592
0.1001703292131424
0.09604877978563309
0.10700491815805435
0.09519311785697937
0.09700769186019897
0.10108789056539536
0.10775195807218552
0.10254252701997757
0.1001971960067749
0.11001389473676682
0.10834937542676926
0.10370713472366333
0.09423206001520157
0.10096878558397293
0.1071920394897461
0.10681084543466568
0.1039930135011673
0.09791955351829529
0.09306282550096512
0.10841526836156845
0.10241598635911942
0.10208793729543686
0.092099130153656
0.0941053181886673
0.09790565818548203
0.10032651573419571
0.11669299751520157
0.10223483294248581
0.10257484018802643
0.09534658491611481
0.09707877784967422
0.10403057932853699
0.09517961740493774
0.10238445550203323
0.10226897150278091
0.0963687002658844
0.09878101199865341
0.10083761066198349
0.0946539118885994
0.09733409434556961
0.1004677563905716
0.09818721562623978
0.09823201596736908
0.10401614755392075
0.09805546700954437
0.10221060365438461
0.09567545354366302
0.10553330928087234
0.09449847787618637
0.10637425631284714
0.09790699928998947
0.1021406427025795
0.10323406010866165
0.09205465018749237
0.09415633976459503
0.09838000684976578
0.09418884664773941
0.09551885724067688
0.09936633706092834
0.09681999683380127
0.09701426327228546
0.09796096384525299
0.0986308753490448
0.1051815077662468
0.09820812195539474
0.11364825814962387
0.1000097393989563
0.1031368151307106
0.10457607358694077
0.10846047848463058
0.10340038686990738
0.1024145856499672
0.09950379282236099
0.1055285707116127
0.0990941971540451
0.10576874017715454
0.10031647980213165
0.09622108936309814
0.09762425720691681
0.10963305085897446
0.09956187754869461
0.09563681483268738
0.10203004628419876
0.10215561091899872
0.1008419618010521
0.10444584488868713
0.10291160643100739
0.09707064926624298
0.10482487082481384
0.10575805604457855
0.10317782312631607
0.10117175430059433
0.09819533675909042
0.10552802681922913
0.10014940053224564
0.10197445005178452
0.09930272400379181
0.10746294260025024
0.10346423834562302
0.10205981135368347
0.10457715392112732
0.09632565081119537
0.10326132923364639
0.10496344417333603
0.11111849546432495
0.09565534442663193
0.10592029243707657
0.10386563837528229
0.10676643252372742
0.09941532462835312
0.10373179614543915
0.10169512033462524
0.1093783900141716
0.10861564427614212
0.10764521360397339
0.09559588134288788
0.09694810956716537
0.09993379563093185
0.09890972822904587
0.10174363851547241
0.10917355120182037
0.09449735283851624
0.09005513787269592
0.10795847326517105
0.09547556936740875
0.10292566567659378
0.09467732906341553
0.100058913230896
0.10498934239149094
0.10168438404798508
0.10209192335605621
0.09755125641822815
0.11099904030561447
0.10012560337781906
0.09650211036205292
0.11231711506843567
0.09906642884016037
0.09920074045658112
0.10680066794157028
0.0997333824634552
0.09744521975517273
0.10413479804992676
0.10248836129903793
0.1019364446401596
0.10444580763578415
0.1028839722275734
0.10238073766231537
0.10554031282663345
0.10516700893640518
0.10954659432172775
0.09744425863027573
0.10788852721452713
0.09115146100521088
0.0920199304819107
0.10089903324842453
0.09952181577682495
0.10162966698408127
0.10267488658428192
0.08793487399816513
0.10313838720321655
0.09003758430480957
0.10306578874588013
0.10654650628566742
0.10589269548654556
0.10072937607765198
0.09487812221050262
0.09409502148628235
0.10240235924720764
0.09461953490972519
0.10178623348474503
0.10078160464763641
0.1011880412697792
0.10269443690776825
0.09351726621389389
0.0979524552822113
0.1056186854839325
0.0979425311088562
0.10159812867641449
0.09492387622594833
0.09697511792182922
0.10488420724868774
0.10798979550600052
0.10446105152368546
0.10108374804258347
0.09580177813768387
0.10657649487257004
0.10806717723608017
0.09237880259752274
0.10172601789236069
0.09836219251155853
0.10264375805854797
0.10704326629638672
0.09432779252529144
0.10152821242809296
0.10930583626031876
0.11274570226669312
0.10462258756160736
0.09950945526361465
0.09676524996757507
0.09615537524223328
0.09712882339954376
0.09874168783426285
0.11150665581226349
0.10492362082004547
0.09686250984668732
0.10638297349214554
0.10702940076589584
0.09195201843976974
0.09289009124040604
0.10508986562490463
0.09772089123725891
0.09445468336343765
0.09416230767965317
0.09794105589389801
0.10190850496292114
0.10262282192707062
0.09153439849615097
0.10335054993629456
0.09585133194923401
0.10151366144418716
0.08977003395557404
0.09767893701791763
0.09887167811393738
0.10657205432653427
0.09639918804168701
0.10018163919448853
0.09903638809919357
0.09775005280971527
0.10566870123147964
0.10378480702638626
0.10098419338464737
0.09361109137535095
0.09054823964834213
0.10630053281784058
0.10047071427106857
0.09252720326185226
0.09773726016283035
0.10501236468553543
0.10105114430189133
0.09822758287191391
0.09979044646024704
0.10207056254148483
0.1052292212843895
0.10411430895328522
0.1036733016371727
0.09686350077390671
0.10384540259838104
0.10319117456674576
0.09454625844955444
0.10383199155330658
0.09852425009012222
0.09772925078868866
0.10752309858798981
0.0943528339266777
0.10385236889123917
0.10083802044391632
0.09612876921892166
0.10418657958507538
0.1009281724691391
0.10108627378940582
0.10345477610826492
0.0981779396533966
0.09987545758485794
0.10551036894321442
0.09589800983667374
0.09385845065116882
0.09866714477539062
0.10115616023540497
0.10155607759952545
0.10306671261787415
0.10573011636734009
0.10011626034975052
0.1035299301147461
0.10617050528526306
0.10541628301143646
0.0890577957034111
0.10404552519321442
0.09946880489587784
0.09360701590776443
0.10706543922424316
0.09922149777412415
0.10521440207958221
0.0978720411658287
0.09855258464813232
0.09698598831892014
0.09538847953081131
0.09710561484098434
0.10722600668668747
0.10388610512018204
0.09381555020809174
0.09269975125789642
0.09983834624290466
0.10346351563930511
0.10082444548606873
0.10190245509147644
0.10053785890340805
0.09791436791419983
0.10453816503286362
0.0916951522231102
0.10354822874069214
0.0955876037478447
0.10583070665597916
0.09615974128246307
0.10613515973091125
0.09773164242506027
0.10712874680757523
0.09771686047315598
0.09888461977243423
0.10650239139795303
0.10144246369600296
0.10198120772838593
0.09787866473197937
0.105754554271698
0.10057291388511658
0.09788837283849716
0.09796670824289322
0.10322723537683487
0.10025551915168762
0.10475053638219833
0.10733012855052948
0.09920936822891235
0.09915243834257126
0.09202100336551666
0.09691698849201202
0.10540851205587387
0.09729988127946854
0.09121508151292801
0.09854324907064438
0.09938091039657593
0.10115813463926315
0.08961199969053268
0.10439271479845047
0.11138339340686798
0.09993047267198563
0.10346958786249161
0.09633730351924896
0.10360545665025711
0.0973968431353569
0.10708272457122803
0.09247661381959915
0.09752082824707031
0.09746596217155457
0.11542244255542755
0.10697051882743835
0.0975785031914711
0.10456036776304245
0.09965016692876816
0.10309891402721405
0.09961618483066559
0.10804850608110428
0.10436149686574936
0.0933089405298233
0.10342060029506683
0.09928803145885468
0.10113226622343063
0.09592511504888535
0.10491063445806503
0.10497110337018967
0.09797271341085434
0.0975191742181778
0.09539434313774109
0.09901778399944305
0.09915528446435928
0.09590430557727814
0.10219542682170868
0.09855835884809494
0.1061445027589798
0.09754640609025955
0.10424453765153885
0.09232699871063232
0.10366202145814896
0.10486891865730286
0.1011708453297615
0.10281549394130707
0.10297762602567673
0.10951633006334305
0.09641888737678528
0.10145670175552368
0.08983960747718811
0.1037808507680893
0.09323513507843018
0.11162973195314407
0.09636449068784714
0.09569758921861649
0.10313733667135239
0.10660876333713531
0.10118281096220016
0.09789084643125534
0.09149317443370819
0.11270862072706223
0.11106813699007034
0.1053093895316124
0.09786708652973175
0.09941402822732925
0.09495030343532562
0.11286315321922302
0.11461059749126434
0.10453668981790543
0.10763859748840332
0.10600564628839493
0.10554376989603043
0.10967877507209778
0.1061510369181633
0.10709009319543839
0.10233575105667114
0.10563753545284271
0.10835523158311844
0.10775101184844971
0.10390825569629669
0.1038685217499733
0.10708846151828766
0.10897650569677353
0.10528869926929474
0.10496333986520767
0.10156597197055817
0.09318498522043228
0.0959978997707367
0.1026027649641037
0.09974072873592377
0.09730862081050873
0.09987396746873856
0.09547644853591919
0.098988838493824
0.09920600056648254
0.0908968448638916
0.10786066949367523
0.09891926497220993
0.08894086629152298
0.09670940786600113
0.10012879222631454
0.10049363970756531
0.09650278091430664
0.10609075427055359
0.10307031869888306
0.09049329906702042
0.10629832744598389
0.10253899544477463
0.09971103072166443
0.10938400030136108
0.11198887974023819
0.10211871564388275
0.09720668941736221
0.10146863758563995
0.10410403460264206
0.10730011761188507
0.09855099022388458
0.09174270182847977
0.10403093695640564
0.09971468150615692
0.10619278252124786
0.09875728189945221
0.09987062960863113
0.09381254017353058
0.10205696523189545
0.09752341359853745
0.10706789791584015
0.10133171826601028
0.10094250738620758
0.09786362200975418
0.09318487346172333
0.09303966909646988
0.10007774829864502
0.0952576994895935
0.09784428775310516
0.0980452448129654
0.09638768434524536
0.0932854413986206
0.10023330897092819
0.10558129847049713
0.09560857713222504
0.09746386855840683
0.09460201859474182
0.09660875797271729
0.10240498930215836
0.10125277191400528
0.09996280074119568
0.10162553191184998
0.10509508103132248
0.1050598993897438
0.10404663532972336
0.10315611958503723
0.0973779484629631
0.09727812558412552
0.10180202126502991
0.11351928114891052
0.1026177853345871
0.10421672463417053
0.10016179084777832
0.10654952377080917
0.09091580659151077
0.10178174078464508
0.10668464004993439
0.10210005193948746
0.09821208566427231
0.10500624030828476
0.1057252287864685
0.1041562557220459
0.09845785051584244
0.09575124830007553
0.10532556474208832
0.10035376250743866
0.09390180557966232
0.09880876541137695
0.09674657881259918
0.10178221762180328
0.0998399406671524
0.09967492520809174
0.09380175918340683
0.09955881536006927
0.09630922973155975
0.10250171273946762
0.09814007580280304
0.10177900642156601
0.10536980628967285
0.10416018217802048
0.1039750948548317
0.1047617495059967
0.10091835260391235
0.09321074187755585
0.10214175283908844
0.09391455352306366
0.10459019988775253
0.0925033763051033
0.10271324962377548
0.09854573756456375
0.11053211241960526
0.09970290958881378
0.09334897994995117
0.11009637266397476
0.10248971730470657
0.09909965097904205
0.09723544120788574
0.09378722310066223
0.09828659892082214
0.10148937255144119
0.09630870074033737
0.10108929127454758
0.1026189774274826
0.10592681169509888
0.09650998562574387
0.09881145507097244
0.09611587971448898
0.10101648420095444
0.09028197079896927
0.10749529302120209
0.10121925175189972
0.10542231053113937
0.09510611742734909
0.09883476048707962
0.09104053676128387
0.09601099044084549
0.10080502182245255
0.10671930760145187
0.09668681025505066
0.10437972098588943
0.10063931345939636
0.09879347681999207
0.08898811787366867
0.09831443428993225
0.1043141782283783
0.09400659799575806
0.09559889882802963
0.1065358966588974
0.10751104354858398
0.0956442728638649
0.09818599373102188
0.10299052298069
0.10155870020389557
0.09858573228120804
0.09514232724905014
0.10093775391578674
0.09891163557767868
0.09798978269100189
0.10453928261995316
0.10524962842464447
0.09777021408081055
0.10241629928350449
0.11315412819385529
0.0981621965765953
0.09920130670070648
0.10128713399171829
0.10502516478300095
0.10516715049743652
0.10328931361436844
0.09251556545495987
0.10410863161087036
0.09485680609941483
0.10304643213748932
0.10750853270292282
0.09305405616760254
0.09908074140548706
0.09535149484872818
0.10745269060134888
0.10238613188266754
0.09671256691217422
0.098747119307518
0.10735177248716354
0.09647633880376816
0.10719536244869232
0.10578794032335281
0.0987841784954071
0.10138990730047226
0.0884019061923027
0.10715752840042114
0.09577503800392151
0.10117977112531662
0.10252553224563599
0.09849171340465546
0.10382650792598724
0.10683444887399673
0.10452308505773544
0.09980813413858414
0.09342442452907562
0.09993935376405716
0.09762183576822281
0.10197804868221283
0.10398827493190765
0.10365033894777298
0.11191947013139725
0.0982406809926033
0.08974669128656387
0.09574786573648453
0.10763553529977798
0.09896717965602875
0.10029753297567368
0.09512744843959808
0.10204097628593445
0.09468747675418854
0.09219696372747421
0.10017002373933792
0.10167670994997025
0.08928413689136505
0.10632286220788956
0.09248840808868408
0.09732925146818161
0.0924873873591423
0.11343929171562195
0.1041669249534607
0.10402989387512207
0.09837531298398972
0.09450140595436096
0.10095137357711792
0.0976630449295044
0.09972420334815979
0.09668699651956558
0.09399406611919403
0.10111794620752335
0.09421074390411377
0.09571836143732071
0.09563185274600983
0.1012367382645607
0.10012190788984299
0.08824396878480911
0.09808976203203201
0.09939879179000854
0.10258407145738602
0.09740994870662689
0.09724248200654984
0.09861280024051666
0.10084005445241928
0.11642216891050339
0.10330405086278915
0.10078591108322144
0.09999899566173553
0.10252529382705688
0.09890156239271164
0.11192643642425537
0.09313081204891205
0.10544241964817047
0.0994618758559227
0.10478638857603073
0.0994291678071022
0.0909833312034607
0.10074363648891449
0.09366582334041595
0.09249347448348999
0.09519682824611664
0.09777594357728958
0.10025038570165634
0.1171908900141716
0.10408583283424377
0.10301489382982254
0.09857463836669922
0.10070165991783142
0.10554178059101105
0.1010446697473526
0.10223021358251572
0.09804847091436386
0.09725715219974518
0.0985289216041565
0.09870506823062897
0.09954845160245895
0.09138856828212738
0.09815781563520432
0.09901801496744156
0.08866817504167557
0.09614604711532593
0.1008792594075203
0.10365397483110428
0.09472835063934326
0.1037137433886528
0.10052642971277237
0.100262351334095
0.09681638330221176
0.09642346948385239
0.0912826880812645
0.10260632634162903
0.10676994174718857
0.09956058114767075
0.09898404031991959
0.09657233208417892
0.10147015750408173
0.10517197102308273
0.1011316329240799
0.1018218919634819
0.10210412740707397
0.10914243012666702
0.10057514160871506
0.09858029335737228
0.10508060455322266
0.09395238012075424
0.10411138087511063
0.10261423140764236
0.09633883833885193
0.0938960537314415
0.0986333116889
0.10683921724557877
0.09544512629508972
0.0962272509932518
0.0981958732008934
0.10187481343746185
0.1074213758111
0.09942357242107391
0.1009531170129776
0.10255564004182816
0.10094118118286133
0.09631484001874924
0.09015864133834839
0.09675111621618271
0.10270334035158157
0.09561050683259964
0.09912361949682236
0.10632652789354324
0.10446394979953766
0.09484294056892395
0.09369733929634094
0.1093234047293663
0.10238645225763321
0.10167989879846573
0.10092426836490631
0.1019640862941742
0.09575629234313965
0.09334898740053177
0.10310150682926178
0.09193906933069229
0.10478218644857407
0.09441284090280533
0.09982628375291824
0.10099484771490097
0.10087095946073532
0.09616292268037796
0.1060851439833641
0.10907944291830063
0.10692967474460602
0.09941679239273071
0.09438728541135788
0.10075261443853378
0.09165219217538834
0.10371369123458862
0.09924174845218658
0.0967784896492958
0.10997544974088669
0.10435929149389267
0.09791427850723267
0.11155389249324799
0.1037469357252121
0.09732194989919662
0.08861181139945984
0.09954935312271118
0.09245565533638
0.09416665136814117
0.101841501891613
0.10696960985660553
0.099247507750988
0.09989912062883377
0.1005130186676979
0.10833431035280228
0.09773863106966019
0.106254443526268
0.09634566307067871
0.10613879561424255
0.09408856928348541
0.10184282809495926
0.10490163415670395
0.10235331952571869
0.0952845886349678
0.09615007042884827
0.09628711640834808
0.10128992050886154
0.09780087321996689
0.09512196481227875
0.09508851915597916
0.10263507068157196
0.09046697616577148
0.10305751860141754
0.11004465073347092
0.09129848331212997
0.10033468902111053
0.10688754916191101
0.09657362848520279
0.0986979678273201
0.09547974169254303
0.10794844478368759
0.10252721607685089
0.0976920872926712
0.09688066691160202
0.11155172437429428
0.09733840823173523
0.10133825242519379
0.09722764790058136
0.09467657655477524
0.09628557413816452
0.10459389537572861
0.10170280188322067
0.10774648934602737
0.10317008942365646
0.09561382234096527
0.09680178016424179
0.09912893176078796
0.09643799066543579
0.10209732502698898
0.10782021284103394
0.10397262871265411
0.09244940429925919
0.20567341148853302
0.19890093803405762
0.19706037640571594
0.18571200966835022
0.19066132605075836
0.18367159366607666
0.17497418820858002
0.18033958971500397
0.17354992032051086
0.173585444688797
0.16015595197677612
0.15246377885341644
0.16084139049053192
0.16010141372680664
0.1444450318813324
0.14876563847064972
0.14375391602516174
0.14865922927856445
0.1344527006149292
0.14611271023750305
0.1382991522550583
0.12830251455307007
0.14051267504692078
0.13250060379505157
0.13160982728004456
0.13757427036762238
0.12882880866527557
0.12507525086402893
0.13526715338230133
0.11620227247476578
0.12388411909341812
0.13253583014011383
0.12223199009895325
0.12002347409725189
0.12081040441989899
0.11821451783180237
0.12308839708566666
0.12119841575622559
0.11665206402540207
0.1161089614033699
0.11025722324848175
0.12361159175634384
0.11369132250547409
0.11890605837106705
0.11763180792331696
0.10677388310432434
0.10960329324007034
0.11767667531967163
0.112996906042099
0.10661867260932922
0.11204735189676285
0.11434927582740784
0.1087338924407959
0.10592291504144669
0.10697148740291595
0.10698302090167999
0.11324122548103333
0.1131308525800705
0.1156529113650322
0.10471276193857193
0.11288512498140335
0.10894177109003067
0.10918501764535904
0.10560817271471024
0.10865678638219833
0.10980640351772308
0.1150129958987236
0.11102981865406036
0.11438633501529694
0.10671424120664597
0.10439272224903107
0.10766757279634476
0.11222606897354126
0.10901405662298203
0.09876763075590134
0.11097913235425949
0.10119109600782394
0.10468900203704834
0.11195584386587143
0.11102559417486191
0.11365604400634766
0.1082005649805069
0.10863436013460159
0.11220875382423401
0.10380468517541885
0.10358786582946777
0.10679095983505249
0.10061950236558914
0.09978659451007843
0.10658920556306839
0.10182023793458939
0.11851724237203598
0.10411806404590607
0.09946489334106445
0.10819089412689209
0.11406449228525162
0.11015196889638901
0.10132922977209091
0.10842055827379227
0.10102266073226929
0.09412199258804321
0.11034973710775375
0.11583564430475235
0.11004924029111862
0.11017394065856934
0.10473965853452682
0.10073672980070114
0.10387083888053894
0.10489769279956818
0.10009279102087021
0.10303253680467606
0.11108434200286865
0.10661624372005463
0.10430563241243362
0.10689647495746613
0.10638158023357391
0.1057225689291954
0.10132026672363281
0.0974750891327858
0.11153678596019745
0.10496893525123596
0.10668858140707016
0.10498294234275818
0.0921829417347908
0.10084696859121323
0.09453137964010239
0.09773483127355576
0.0967380627989769
0.09553907066583633
0.11317224055528641
0.1113729327917099
0.10380695015192032
0.10593461245298386
0.11671607941389084
0.09546374529600143
0.1055147722363472
0.10957828909158707
0.10167806595563889
0.10208377242088318
0.10719477385282516
0.10379733145236969
0.10146299004554749
0.11487964540719986
0.1023983582854271
0.10560334473848343
0.1066269651055336
0.09490323811769485
0.11561048030853271
0.1043059453368187
0.10689182579517365
0.10664709657430649
0.10465415567159653
0.10799375176429749
0.10072050243616104
0.0990799069404602
0.10191616415977478
0.10724831372499466
0.10137654095888138
0.1107884868979454
0.09611691534519196
0.10079092532396317
0.10860835760831833
0.10306758433580399
0.10496053099632263
0.10183166712522507
0.10654709488153458
0.10288690775632858
0.0993134081363678
0.1040935218334198
0.1019907221198082
0.10199359059333801
0.10418946295976639
0.11044657975435257
0.10496015846729279
0.10405696928501129
0.11763942241668701
0.10694409161806107
0.10669738054275513
0.09474407136440277
0.10335443168878555
0.10504870861768723
0.10827814042568207
0.1033167690038681
0.09639442712068558
0.09633044898509979
0.11009940505027771
0.1040615439414978
0.09832718968391418
0.09958940744400024
0.0960361510515213
0.10159940272569656
0.09980693459510803
0.11900084465742111
0.1048889011144638
0.10432019084692001
0.0984082818031311
0.09903787821531296
0.10706412047147751
0.09774181246757507
0.10490667819976807
0.10119029134511948
0.09717772901058197
0.10752484947443008
0.10218280553817749
0.10614652186632156
0.10100045800209045
0.09961307793855667
0.09999244660139084
0.09931935369968414
0.1072683110833168
0.10274109244346619
0.1073751151561737
0.09873116761445999
0.10871440172195435
0.09766223281621933
0.10344088077545166
0.10326629877090454
0.10485439002513885
0.10380277782678604
0.09700872004032135
0.09883705526590347
0.09738438576459885
0.09720546752214432
0.09719673544168472
0.10004924982786179
0.09791374206542969
0.09719324856996536
0.10670581459999084
0.10828664153814316
0.10671050101518631
0.09936273843050003
0.11428864300251007
0.10103669762611389
0.10092882812023163
0.10468535125255585
0.10851947963237762
0.10426069796085358
0.10255971550941467
0.10143566131591797
0.1037445217370987
0.09735129773616791
0.10535368323326111
0.09937134385108948
0.10259554535150528
0.09826245158910751
0.1192135363817215
0.09936580061912537
0.0972495824098587
0.1030915379524231
0.10148224979639053
0.09968795627355576
0.10454433411359787
0.10288853198289871
0.09906035661697388
0.1068800538778305
0.10519341379404068
0.10698197036981583
0.10358873754739761
0.09872620552778244
0.10823420435190201
0.10584363341331482
0.1068066656589508
0.10284457355737686
0.11032398045063019
0.10349839925765991
0.10567205399274826
0.10779675841331482
0.09535734355449677
0.10350855439901352
0.11172457784414291
0.11426255851984024
0.09379264712333679
0.10736080259084702
0.10575325787067413
0.11078494042158127
0.09961292892694473
0.10701379179954529
0.1036088764667511
0.10817687958478928
0.11034549027681351
0.10761208087205887
0.09846746921539307
0.09898537397384644
0.09841255843639374
0.10067667067050934
0.10408709943294525
0.11128012090921402
0.09368573129177094
0.08593577891588211
0.10965238511562347
0.09720028936862946
0.10178329795598984
0.09561571478843689
0.09832589328289032
0.10405120998620987
0.10380680114030838
0.1024785041809082
0.09797116369009018
0.1105959489941597
0.0999482125043869
0.09926000237464905
0.11125779151916504
0.10132569819688797
0.10557059198617935
0.10773320496082306
0.0991530492901802
0.09906147420406342
0.10342416912317276
0.10379437357187271
0.10497797280550003
0.103532575070858
0.10721872746944427
0.10262623429298401
0.10508561879396439
0.10632437467575073
0.107103630900383
0.0977049320936203
0.10708685964345932
0.0921282097697258
0.09027944505214691
0.10168822109699249
0.10044018924236298
0.09915857762098312
0.1084962859749794
0.09340091049671173
0.10594579577445984
0.09084156900644302
0.10793756693601608
0.10462689399719238
0.10560981929302216
0.10152631253004074
0.09395767748355865
0.0974445715546608
0.10324417799711227
0.09373670816421509
0.10244373977184296
0.10088486224412918
0.10014966130256653
0.10131242871284485
0.09433487057685852
0.10174346715211868
0.10256866365671158
0.09999945014715195
0.09889817237854004
0.09412657469511032
0.09785689413547516
0.10357563197612762
0.1080542504787445
0.10520973801612854
0.1029323935508728
0.09811720997095108
0.10528337955474854
0.10852845013141632
0.09344208240509033
0.10207832604646683
0.09918280690908432
0.10367882996797562
0.10751719772815704
0.09312739223241806
0.10217414796352386
0.10938531905412674
0.11348506063222885
0.10504762083292007
0.10106857120990753
0.09512476623058319
0.09844114631414413
0.09724212437868118
0.099527508020401
0.10719776153564453
0.10312965512275696
0.09865439683198929
0.10676062852144241
0.10931772738695145
0.09499386698007584
0.09111093729734421
0.1061963140964508
0.09871925413608551
0.09811962395906448
0.0935911014676094
0.10024183243513107
0.10428237169981003
0.10127028077840805
0.0930863693356514
0.10159964114427567
0.0952419713139534
0.10498254746198654
0.09014548361301422
0.09841132164001465
0.09903084486722946
0.10555234551429749
0.09683158248662949
0.10249745845794678
0.09977726638317108
0.1007377952337265
0.10621676594018936
0.10411231964826584
0.10187365859746933
0.096119225025177
0.08898045122623444
0.10571440309286118
0.10156020522117615
0.09336427599191666
0.0990426316857338
0.10642215609550476
0.10538908839225769
0.09879280626773834
0.10048343241214752
0.107436902821064
0.1082673892378807
0.10615022480487823
0.10400614887475967
0.09867247194051743
0.1058531105518341
0.10264728963375092
0.099219910800457
0.10663966089487076
