--name:
20221114_1107

--model type:
DHO

--controlled system:
True

--lyapunov correction:
False

--learning rate:
0.01

--number of epoches:
1

--number of batches:
1024

--number of samples per batch:
512

--FNN fc1 weights:
Parameter containing:
tensor([[ 5.6484e-04,  7.5898e-01],
        [-5.0029e-01, -1.5772e-02]], requires_grad=True)

--GNN fc1 weights:
Parameter containing:
tensor([[ 0.0714, -0.3698],
        [-0.0930,  0.2809]], requires_grad=True)

--GNN fc1 bias:
Parameter containing:
tensor([-0.0458, -0.9392], requires_grad=True)

--Testing loss:
tensor(0.0123, grad_fn=<MulBackward0>)

--Training losses:
0.44514790177345276
0.5197427272796631
0.4849662482738495
0.4773392677307129
0.4788423180580139
0.4665070176124573
0.415488600730896
0.42097601294517517
0.4096831679344177
0.3903786838054657
0.4229719936847687
0.409422904253006
0.44397538900375366
0.4375649094581604
0.41409340500831604
0.4050108790397644
0.3966822028160095
0.3884430229663849
0.3871822655200958
0.41282719373703003
0.36786383390426636
0.40191414952278137
0.3795738220214844
0.38402658700942993
0.36718177795410156
0.38616955280303955
0.36228516697883606
0.4034629464149475
0.395259290933609
0.35137954354286194
0.3667566776275635
0.3419785797595978
0.37323197722435
0.3260093927383423
0.3077971339225769
0.33223339915275574
0.3206859529018402
0.3644952178001404
0.33857661485671997
0.3473600447177887
0.3358305096626282
0.3202536404132843
0.333437979221344
0.30783945322036743
0.3326265811920166
0.3041645288467407
0.3322914242744446
0.29907089471817017
0.2948141396045685
0.2928382158279419
0.2885874807834625
0.30344343185424805
0.2809273600578308
0.2893246114253998
0.2977900803089142
0.2795359194278717
0.27921271324157715
0.27910682559013367
0.27723798155784607
0.2779674828052521
0.2665082812309265
0.2695760726928711
0.25276002287864685
0.2620469033718109
0.2666683793067932
0.25967320799827576
0.22726096212863922
0.2673974633216858
0.25471633672714233
0.2675502598285675
0.2519952654838562
0.24556271731853485
0.24247217178344727
0.23565389215946198
0.2561265826225281
0.22585764527320862
0.23051726818084717
0.23307175934314728
0.242326021194458
0.2613424062728882
0.262219101190567
0.22697138786315918
0.22512196004390717
0.235494464635849
0.22641123831272125
0.23011286556720734
0.2477337121963501
0.2523725926876068
0.2120061218738556
0.21782039105892181
0.24421828985214233
0.23032301664352417
0.2041395753622055
0.20987291634082794
0.2262578159570694
0.22579555213451385
0.21203969419002533
0.21402473747730255
0.19394586980342865
0.21987347304821014
0.2035437971353531
0.2174919843673706
0.19592860341072083
0.20497021079063416
0.23334328830242157
0.1923985779285431
0.19116893410682678
0.20704355835914612
0.20928078889846802
0.19172140955924988
0.19034776091575623
0.20505492389202118
0.2024126499891281
0.18780873715877533
0.19111362099647522
0.18387861549854279
0.18025194108486176
0.1811264306306839
0.18665671348571777
0.17829537391662598
0.19825267791748047
0.1822565644979477
0.1988099068403244
0.19251132011413574
0.17415501177310944
0.17832861840724945
0.2051365077495575
0.16714119911193848
0.17740558087825775
0.17153911292552948
0.1765904426574707
0.1984897404909134
0.177498459815979
0.167067751288414
0.1720392405986786
0.1709265410900116
0.16546572744846344
0.1755843609571457
0.1637675166130066
0.17750337719917297
0.17330814898014069
0.17040425539016724
0.17740105092525482
0.1725611537694931
0.17410801351070404
0.14917711913585663
0.17370131611824036
0.17671559751033783
0.15540958940982819
0.16203321516513824
0.15392214059829712
0.14703738689422607
0.16422556340694427
0.16482582688331604
0.15288123488426208
0.15456046164035797
0.13870292901992798
0.15025466680526733
0.1533811092376709
0.1580895036458969
0.15462976694107056
0.1530085951089859
0.15490984916687012
0.14950259029865265
0.14997965097427368
0.15149399638175964
0.15164533257484436
0.15499521791934967
0.15722672641277313
0.14334148168563843
0.15624217689037323
0.14351700246334076
0.14669477939605713
0.1500733643770218
0.13402725756168365
0.15852081775665283
0.13732506334781647
0.1409284472465515
0.13581126928329468
0.1452680081129074
0.14308521151542664
0.14555306732654572
0.14918062090873718
0.14267677068710327
0.14327359199523926
0.14215965569019318
0.13871297240257263
0.14082854986190796
0.13832980394363403
0.1337345391511917
0.1345871239900589
0.13340915739536285
0.12261183559894562
0.126311257481575
0.12625408172607422
0.1339552402496338
0.1330910176038742
0.11463452130556107
0.14311176538467407
0.13534821569919586
0.12440881133079529
0.12502700090408325
0.13990278542041779
0.12801004946231842
0.1286817044019699
0.13754360377788544
0.12910497188568115
0.12089657038450241
0.11546798050403595
0.13160958886146545
0.13077212870121002
0.1200677901506424
0.12266509979963303
0.12730708718299866
0.12285134196281433
0.12492439150810242
0.12394171953201294
0.12528246641159058
0.11445481330156326
0.12003732472658157
0.12083824723958969
0.11824481189250946
0.1310826539993286
0.1159495860338211
0.11572324484586716
0.11967596411705017
0.11701519787311554
0.11529215425252914
0.1234682947397232
0.12035539746284485
0.11336986720561981
0.11386684328317642
0.10978123545646667
0.10845308005809784
0.10916995257139206
0.11608685553073883
0.11081718653440475
0.1172405257821083
0.11968288570642471
0.11623158305883408
0.10749883949756622
0.12610457837581635
0.11618867516517639
0.10530202835798264
0.10723769664764404
0.11131343245506287
0.11030063778162003
0.11051691323518753
0.09259055554866791
0.11051999032497406
0.1124487966299057
0.10685990005731583
0.10305609554052353
0.12208053469657898
0.10780194401741028
0.11045850813388824
0.10431671142578125
0.12213622778654099
0.09848357737064362
0.10827025771141052
0.10775795578956604
0.10592305660247803
0.11491114646196365
0.10460808128118515
0.10108643770217896
0.102925606071949
0.1060640886425972
0.10859666019678116
0.10807572305202484
0.09678807109594345
0.10425642877817154
0.09302452206611633
0.11574875563383102
0.09776488691568375
0.09697216749191284
0.09942745417356491
0.10746027529239655
0.09435705840587616
0.10089108347892761
0.10598785430192947
0.10879748314619064
0.10717073827981949
0.1061810702085495
0.09179964661598206
0.09687468409538269
0.09655679762363434
0.10398554801940918
0.09563284367322922
0.09371447563171387
0.09271927922964096
0.09326381981372833
0.0928243100643158
0.10268327593803406
0.10619372129440308
0.10404062271118164
0.09156586974859238
0.09759900718927383
0.08891872316598892
0.09728221595287323
0.10308481007814407
0.09763637185096741
0.09878020733594894
0.10244151949882507
0.08045874536037445
0.09105182439088821
0.08727386593818665
0.08287966251373291
0.09342829138040543
0.09496863186359406
0.09258408099412918
0.08784481137990952
0.09110117703676224
0.09602940827608109
0.09663547575473785
0.0914340615272522
0.09163060039281845
0.08799580484628677
0.0774180144071579
0.10085247457027435
0.08041219413280487
0.08905518800020218
0.08494900912046432
0.07899928838014603
0.0829777717590332
0.09082066267728806
0.08796685189008713
0.07526163011789322
0.08662617951631546
0.08553905785083771
0.08585064113140106
0.08509165793657303
0.09251000732183456
0.09279978275299072
0.09405612200498581
0.08614245802164078
0.08408568054437637
0.08533239364624023
0.08680357784032822
0.08526824414730072
0.09162649512290955
0.07968485355377197
0.0844368264079094
0.08616113662719727
0.08032175898551941
0.0854792520403862
0.0741758868098259
0.07836173474788666
0.09111061692237854
0.08747179061174393
0.08008123189210892
0.08165808767080307
0.08175302296876907
0.08013028651475906
0.08059907704591751
0.0795181542634964
0.07076150178909302
0.07369209825992584
0.07907792925834656
0.07958006858825684
0.08077995479106903
0.07143110781908035
0.08181602507829666
0.0726141557097435
0.07711772620677948
0.07236457616090775
0.07568303495645523
0.0754714235663414
0.06998796761035919
0.08111952245235443
0.07253700494766235
0.07325815409421921
0.07994375377893448
0.0683782696723938
0.08111371845006943
0.06973711401224136
0.08090584725141525
0.07232930511236191
0.06751137971878052
0.08232404291629791
0.07642237097024918
0.07693633437156677
0.06998689472675323
0.07654713094234467
0.08153912425041199
0.0682816356420517
0.07601802796125412
0.06697458773851395
0.0671919584274292
0.07815306633710861
0.07269055396318436
0.062155697494745255
0.07281355559825897
0.06968878209590912
0.06965402513742447
0.0642886832356453
0.07683158665895462
0.06622926890850067
0.07077489048242569
0.06304755061864853
0.06675159186124802
0.07217241078615189
0.06872241199016571
0.07042578607797623
0.06705821305513382
0.07160331308841705
0.07121457904577255
0.06644564867019653
0.07244691252708435
0.07030616700649261
0.06824709475040436
0.06848494708538055
0.07303541898727417
0.059359967708587646
0.05901099368929863
0.059427328407764435
0.06561817973852158
0.06668401509523392
0.06727217137813568
0.06301388889551163
0.06796523928642273
0.06362878531217575
0.06635510921478271
0.06871598213911057
0.06401820480823517
0.06577779352664948
0.06486230343580246
0.05986757203936577
0.06079576164484024
0.06866640597581863
0.06045123189687729
0.05886312946677208
0.05743152275681496
0.06431958824396133
0.06425561010837555
0.06050354987382889
0.06914928555488586
0.05788351222872734
0.061713505536317825
0.06668166816234589
0.0655839666724205
0.06376118957996368
0.06022701412439346
0.06141833961009979
0.055172499269247055
0.06070902571082115
0.06387431919574738
0.05977342650294304
0.06784360855817795
0.05890760198235512
0.056780580431222916
0.05543966591358185
0.0581229031085968
0.061167143285274506
0.06379635632038116
0.05722341686487198
0.05190085619688034
0.05498022586107254
0.056171923875808716
0.05581863969564438
0.05733795091509819
0.05690369755029678
0.052444979548454285
0.052708741277456284
0.05817116051912308
0.06187070906162262
0.050544094294309616
0.05757376179099083
0.051227837800979614
0.054194509983062744
0.05404511094093323
0.05312219262123108
0.05500870198011398
0.054611071944236755
0.05622968450188637
0.05959898605942726
0.0557558611035347
0.05703915283083916
0.05450171232223511
0.054569538682699203
0.05789932608604431
0.05107400566339493
0.05738391727209091
0.05023984611034393
0.05955539643764496
0.05233785882592201
0.06105760484933853
0.0520462729036808
0.055562738329172134
0.04936373978853226
0.0495254211127758
0.05007614195346832
0.05691829323768616
0.04967545345425606
0.05052397400140762
0.047084104269742966
0.05519978702068329
0.055637914687395096
0.050789978355169296
0.04799925535917282
0.05290941148996353
0.05847007408738136
0.05263124778866768
0.04953252896666527
0.05227890983223915
0.051661524921655655
0.05338774994015694
0.04866532236337662
0.04810084402561188
0.0533444918692112
0.050831232219934464
0.051235225051641464
0.05224797502160072
0.054302673786878586
0.045001741498708725
0.05370566248893738
0.04809340834617615
0.05076880007982254
0.053891900926828384
0.05212587118148804
0.05205024406313896
0.04492601752281189
0.04841165989637375
0.04261896386742592
0.048062294721603394
0.04252715781331062
0.053086452186107635
0.04771449416875839
0.04551759362220764
0.047711081802845
0.04694748297333717
0.04556281492114067
0.04641475901007652
0.04611954465508461
0.04421757161617279
0.04635290801525116
0.0425310917198658
0.046391572803258896
0.048494741320610046
0.043731361627578735
0.04891584813594818
0.04768544062972069
0.04697126895189285
0.04420275613665581
0.039973415434360504
0.05119192600250244
0.04654151201248169
0.04369592294096947
0.049688342958688736
0.04282929003238678
0.04217806085944176
0.043484970927238464
0.044324591755867004
0.046469952911138535
0.04406578838825226
0.04640557989478111
0.0438910536468029
0.04488566145300865
0.046364691108465195
0.04788947105407715
0.040761180222034454
0.04090128093957901
0.041189759969711304
0.042513128370046616
0.04455730691552162
0.04633026942610741
0.04332471266388893
0.04282769560813904
0.03799029812216759
0.039701879024505615
0.044177934527397156
0.04217129945755005
0.039973411709070206
0.04032178223133087
0.04089900851249695
0.04071154445409775
0.039874788373708725
0.04082728922367096
0.03932404890656471
0.041307494044303894
0.04335708171129227
0.03894742950797081
0.0416741818189621
0.04119831696152687
0.04087875038385391
0.04139331728219986
0.04081030189990997
0.04159993305802345
0.04309886321425438
0.037217166274785995
0.041153598576784134
0.04142225533723831
0.038775473833084106
0.038289278745651245
0.03864330053329468
0.04022657126188278
0.034833021461963654
0.036977775394916534
0.04291822388768196
0.04004465788602829
0.035292111337184906
0.03953646495938301
0.03864587843418121
0.04034959524869919
0.03531073033809662
0.0366685651242733
0.03494905307888985
0.03734024986624718
0.04067511111497879
0.03774174302816391
0.03595553711056709
0.039078641682863235
0.035802945494651794
0.03923357278108597
0.0357053242623806
0.0365949384868145
0.03468998149037361
0.03963111340999603
0.0391186848282814
0.03794372081756592
0.03820086270570755
0.04073096066713333
0.03927004337310791
0.041049059480428696
0.035525739192962646
0.03692396730184555
0.037049125880002975
0.03846890106797218
0.03813844546675682
0.03730405122041702
0.0369345024228096
0.03397057577967644
0.0379936620593071
0.035507187247276306
0.03282930701971054
0.03381335362792015
0.03489583730697632
0.03247106447815895
0.03633996099233627
0.03553231060504913
0.03570385277271271
0.035909172147512436
0.03461509943008423
0.033811070024967194
0.03787773475050926
0.03529444336891174
0.033475399017333984
0.03304426372051239
0.030606478452682495
0.03552481159567833
0.0339360311627388
0.03409922495484352
0.028044898062944412
0.0371316559612751
0.029871053993701935
0.03507937863469124
0.03458034247159958
0.03564583137631416
0.035999465733766556
0.0301363542675972
0.032212451100349426
0.0344245545566082
0.03483806550502777
0.03126984462141991
0.03349725529551506
0.03123067319393158
0.03157731145620346
0.03504735603928566
0.033119142055511475
0.031991031020879745
0.02968347817659378
0.030461199581623077
0.031376272439956665
0.03209017962217331
0.030459439381957054
0.03165895491838455
0.029315896332263947
0.03205699473619461
0.032164283096790314
0.028106676414608955
0.03243737667798996
0.030038196593523026
0.032737597823143005
0.02784355916082859
0.03179396688938141
0.033331602811813354
0.032680049538612366
0.029902223497629166
0.029494959861040115
0.031331248581409454
0.030742010101675987
0.03006184846162796
0.02981068566441536
0.030476484447717667
0.03204209730029106
0.02668684720993042
0.03030337765812874
0.029766736552119255
0.029171481728553772
0.028900248929858208
0.02959291823208332
0.029507974162697792
0.032432690262794495
0.02910573035478592
0.032206110656261444
0.028786897659301758
0.028561651706695557
0.027874305844306946
0.030170101672410965
0.03181488439440727
0.029048850759863853
0.02846587635576725
0.029114678502082825
0.03004959039390087
0.027954237535595894
0.025209300220012665
0.028301270678639412
0.02607075124979019
0.028794657438993454
0.026747865602374077
0.030864745378494263
0.027347799390554428
0.026555079966783524
0.025841841474175453
0.028665127232670784
0.02720131352543831
0.024524623528122902
0.028845544904470444
0.028018789365887642
0.030698901042342186
0.0285477414727211
0.024072645232081413
0.026847857981920242
0.02628013677895069
0.02712554857134819
0.025789858773350716
0.028414472937583923
0.029007792472839355
0.027169279754161835
0.025126924738287926
0.02600298635661602
0.027185892686247826
0.02483164519071579
0.025471238419413567
0.024578873068094254
0.026163768023252487
0.02665860764682293
0.02872660756111145
0.027391929179430008
0.027461305260658264
0.02529025450348854
0.02955392375588417
0.025704994797706604
0.02585768885910511
0.030624207109212875
0.02535960264503956
0.02800460159778595
0.02770371176302433
0.023976970463991165
0.026457417756319046
0.02320087142288685
0.023182323202490807
0.023207087069749832
0.024900440126657486
0.025820525363087654
0.02549663931131363
0.024981336668133736
0.027717383578419685
0.026007644832134247
0.02155655063688755
0.02690194360911846
0.02529355138540268
0.02546010911464691
0.023227199912071228
0.02420639432966709
0.02334761805832386
0.02386276051402092
0.019050657749176025
0.024866782128810883
0.022870739921927452
0.023692253977060318
0.024064993485808372
0.021410439163446426
0.023566067218780518
0.022786010056734085
0.023824626579880714
0.0259019173681736
0.022349059581756592
0.021014124155044556
0.02718166448175907
0.024415409192442894
0.023830551654100418
0.024054959416389465
0.022031156346201897
0.02480863779783249
0.02065681479871273
0.02531418949365616
0.023737285286188126
0.02159898541867733
0.022314080968499184
0.02217254415154457
0.0224984809756279
0.02060803398489952
0.022963033989071846
0.02132413536310196
0.021381188184022903
0.020986242219805717
0.022220367565751076
0.025741511955857277
0.023685941472649574
0.024773133918642998
0.021614333614706993
0.019974570721387863
0.02190222218632698
0.021892862394452095
0.01872001215815544
0.021978240460157394
0.02363777533173561
0.019796596840023994
0.02171000838279724
0.021019598469138145
0.02225726656615734
0.023219043388962746
0.01888706535100937
0.019276078790426254
0.020068274810910225
0.020397720858454704
0.022988852113485336
0.021452628076076508
0.019906241446733475
0.019042937085032463
0.02209693379700184
0.017851170152425766
0.021845104172825813
0.019361339509487152
0.022115178406238556
0.02402198128402233
0.021970506757497787
0.021501118317246437
0.021946057677268982
0.02153993584215641
0.018971338868141174
0.018576117232441902
0.021371841430664062
0.020327173173427582
0.020866936072707176
0.022492097690701485
0.019749276340007782
0.020932354032993317
0.022490182891488075
0.019930141046643257
0.022170215845108032
0.02007538452744484
0.02232261747121811
0.021748103201389313
0.016820762306451797
0.02080121822655201
0.01930341124534607
0.01974526420235634
0.020554017275571823
0.018422985449433327
0.018975408747792244
0.01931489259004593
0.01882329210639
0.01934988982975483
0.020071161910891533
0.01887495256960392
0.021210981532931328
0.019133593887090683
0.017564810812473297
0.017831740900874138
0.017915302887558937
0.01914570853114128
0.01997237280011177
0.019865505397319794
0.019818054512143135
0.016547013074159622
0.020898837596178055
0.020246682688593864
0.01981089822947979
0.01774565503001213
0.01905963569879532
0.017929719761013985
0.017662256956100464
0.01718556322157383
0.01654939167201519
0.01715719886124134
0.019205015152692795
0.020128287374973297
0.01869352161884308
0.018417151644825935
0.019670773297548294
0.017773285508155823
0.018402675166726112
0.018160369247198105
0.018457958474755287
0.018034501001238823
0.018825054168701172
0.019976358860731125
0.01646146923303604
0.016770262271165848
0.017324693500995636
0.017753493040800095
0.018633728846907616
0.01468927413225174
0.017831305041909218
0.01851380057632923
0.017399441450834274
0.014954790472984314
0.017769331112504005
0.01712079718708992
0.01822456158697605
0.015032186172902584
0.015849540010094643
0.01510611455887556
0.01627512462437153
0.01773725263774395
0.017987702041864395
0.01836974173784256
0.015912087634205818
0.018076589331030846
0.015840940177440643
0.017109215259552002
0.01813811995089054
0.01558658666908741
0.015099778771400452
0.014471737667918205
0.015997542068362236
0.014729894697666168
0.014776592142879963
0.015047580935060978
0.015456369146704674
0.016843626275658607
0.015937449410557747
0.016558563336730003
0.015354916453361511
0.015938520431518555
0.015088846907019615
0.01623564027249813
0.015257115475833416
0.016833879053592682
0.014968222938477993
0.017006292939186096
0.016796959564089775
0.01587078906595707
0.016695525497198105
0.01417743694037199
0.015407547354698181
0.013799537904560566
0.015458994545042515
0.015470638871192932
0.017229914665222168
0.015521293506026268
0.017861904576420784
0.014541186392307281
0.01689213514328003
0.015294123440980911
0.01602887734770775
0.013940904289484024
0.01611723192036152
0.015113197267055511
0.014452062547206879
0.015110469423234463
0.016294458881020546
0.016653181985020638
0.013728231191635132
0.0157262422144413
0.014282737858593464
0.01397387683391571
0.015524463728070259
0.01623258925974369
0.01492380816489458
0.016498645767569542
0.015094765461981297
0.013666678220033646
0.016078166663646698
0.014249064959585667
0.013434087857604027
0.01612493395805359
0.013920762576162815
0.015044278465211391
0.01512282993644476
0.013343567959964275
0.0145614854991436
0.013726206496357918
0.01448413822799921
0.014660198241472244
0.013298828154802322
0.014979562722146511
0.015312685631215572
0.014950238168239594
0.013596385717391968
0.01540645956993103
0.013242354616522789
0.014620226807892323
0.014463485218584538
0.013714306056499481
0.015515734441578388
0.014667639508843422
0.015420835465192795
0.013579139485955238
0.013463906943798065
0.012485812418162823
0.01301615871489048
0.014799319207668304
0.01451579388231039
0.013891167007386684
0.013740790076553822
0.013437561690807343
0.013770200312137604
0.013097239658236504
0.012115329504013062
0.014149630442261696
0.011922290548682213
0.01478109322488308
0.015169134363532066
0.013635043054819107
0.013447800651192665
0.013332672417163849
0.012285331264138222
0.013618498109281063
0.013829241506755352
0.013239523395895958
0.014067720621824265
0.014101789332926273
