--name:
20221102_2003

--model type:
CSTR

--controlled system:
True

--lyapunov correction:
True

--learning rate:
0.01

--number of epoches:
1

--number of batches:
1024

--number of samples per batch:
256

--FNN fc1 weights:
Parameter containing:
tensor([[ 0.4085, -0.5733],
        [ 0.0141,  0.2485],
        [-0.2911, -0.4748],
        [-0.0410,  0.1965],
        [ 0.4733,  0.2255],
        [-0.2472,  0.4541],
        [-0.3018,  0.6800],
        [ 0.2379, -0.5965],
        [-0.2769, -0.3211],
        [-0.2615,  0.0288],
        [-0.6828, -0.0262],
        [ 0.4045,  0.6536],
        [ 0.6561, -0.0165],
        [-0.4737,  0.2980],
        [-0.2112, -0.2114],
        [ 0.4916,  0.0282],
        [ 0.2016, -0.1774],
        [ 0.2526,  0.7028],
        [-0.3867, -0.1992],
        [ 0.4860, -0.2333],
        [ 0.0946,  0.4231],
        [ 0.0450, -0.4644],
        [ 0.4101,  0.4469],
        [-0.1911,  0.6976],
        [ 0.3196,  0.5492],
        [ 0.2710,  0.0490],
        [-0.1827,  0.4965],
        [-0.3201,  0.1987],
        [ 0.2746, -0.5676],
        [-0.1949, -0.2062],
        [-0.0232, -0.1625],
        [ 0.2403,  0.3405],
        [ 0.3116,  0.6312],
        [-0.6747, -0.2657],
        [-0.5636,  0.3111],
        [-0.2286,  0.3526],
        [ 0.1100, -0.2063],
        [ 0.1589,  0.2896],
        [-0.2112, -0.5155],
        [-0.5845, -0.0442],
        [-0.0624, -0.0890],
        [-0.6027,  0.4730],
        [ 0.1396,  0.2109],
        [ 0.4083,  0.1196],
        [ 0.5356, -0.1497],
        [-0.1786,  0.5395],
        [ 0.0950,  0.5484],
        [ 0.0240,  0.6588],
        [ 0.1769,  0.0013],
        [ 0.0201, -0.5480],
        [ 0.2493,  0.2487],
        [ 0.6711, -0.6887],
        [ 0.5725, -0.4091],
        [-0.4972,  0.3242],
        [ 0.2961, -0.0703],
        [ 0.1766,  0.3354],
        [-0.6137,  0.6773],
        [-0.2300, -0.0928],
        [-0.4681,  0.4159],
        [-0.6138,  0.5591],
        [ 0.6387, -0.4390],
        [-0.5625, -0.5795],
        [ 0.3785,  0.0120],
        [ 0.2028,  0.4023],
        [ 0.6524, -0.5370],
        [-0.1792,  0.4738],
        [ 0.6997,  0.6715],
        [-0.4628, -0.6354],
        [ 0.0796,  0.5244],
        [ 0.2856,  0.0723],
        [-0.0427,  0.2310],
        [-0.0333,  0.2557],
        [-0.1237, -0.4615],
        [ 0.4391, -0.3984],
        [ 0.3602, -0.6837],
        [ 0.1933, -0.6867],
        [ 0.5049,  0.4619],
        [-0.0495, -0.5358],
        [ 0.5433,  0.2252],
        [ 0.4910, -0.2772]], requires_grad=True)

--GNN fc1 weights:
Parameter containing:
tensor([[-0.0025,  0.0012],
        [ 0.0017, -0.0034]], requires_grad=True)

--GNN fc1 bias:
Parameter containing:
tensor([ 0.0199, -0.0023], requires_grad=True)

--Testing loss:
tensor(0.1248, grad_fn=<MulBackward0>)

--Training losses:
2.5851530153886415e-05
2.6332381821703166e-05
3.3555559639353305e-05
2.2856887881061994e-05
2.196698187617585e-05
2.104481063724961e-05
2.1245254174573347e-05
2.4336153728654608e-05
2.3352920834440738e-05
3.0419476388487965e-05
2.8327924155746587e-05
2.942721221188549e-05
2.2681851987726986e-05
2.8136746550444514e-05
2.6140836780541576e-05
2.5249655664083548e-05
1.9870491087203845e-05
2.6073486878885888e-05
2.791329643514473e-05
2.7845686418004334e-05
2.1917887352174148e-05
2.743139339145273e-05
2.038488491962198e-05
2.731692438828759e-05
1.6740086721256375e-05
2.7921074433834292e-05
2.7269867132417858e-05
1.8515216652303934e-05
2.261096960864961e-05
2.417435825918801e-05
2.0962776034139097e-05
1.862866702140309e-05
2.279835462104529e-05
2.5279232431785204e-05
2.8783326342818327e-05
2.383541504968889e-05
2.259772372781299e-05
2.501889321138151e-05
2.265075636387337e-05
2.5671712137409486e-05
2.9122036721673794e-05
2.1214149455772713e-05
2.0204759493935853e-05
2.4965138436527923e-05
2.5445468054385856e-05
1.722522938507609e-05
2.332834446860943e-05
1.7491263861302286e-05
2.4475099053233862e-05
2.3359105398412794e-05
2.823791146511212e-05
2.1992635083734058e-05
2.2467827875516377e-05
2.184123150072992e-05
3.0269984563346952e-05
2.0174011297058314e-05
2.241511356260162e-05
2.5314820959465578e-05
2.8344191377982497e-05
2.2191483367350884e-05
2.3621874788659625e-05
2.8977487090742216e-05
1.8004602679866366e-05
2.5516948880976997e-05
2.031543044722639e-05
2.4610333639429882e-05
2.2991798687144183e-05
2.2956999600864947e-05
2.1734660549554974e-05
2.4906947146519087e-05
3.065637429244816e-05
2.7641599444905296e-05
2.689688335522078e-05
2.4828885216265917e-05
1.8032304069492966e-05
3.184410888934508e-05
3.112377453362569e-05
2.3488631995860487e-05
2.1014633603044786e-05
1.9224426068831235e-05
2.2841621102998033e-05
2.2858268494019285e-05
2.345849497942254e-05
2.226480864919722e-05
1.6885760487639345e-05
2.3848948330851272e-05
2.0411684090504423e-05
2.2691854610457085e-05
2.2013575289747678e-05
1.9859699023072608e-05
1.961938505701255e-05
2.454186324030161e-05
2.269798278575763e-05
2.722053432080429e-05
2.2823667677585036e-05
2.276264422107488e-05
1.9496199456625618e-05
2.284422589582391e-05
1.911696745082736e-05
2.18656914512394e-05
2.567065166658722e-05
2.436523027427029e-05
2.354123535042163e-05
2.2329493731376715e-05
1.5300800441764295e-05
2.5832076062215492e-05
2.011450305872131e-05
2.3440903532900847e-05
2.618008693389129e-05
1.951382182596717e-05
2.099159246427007e-05
2.392921487626154e-05
1.6286347090499476e-05
2.6187732146354392e-05
2.242512346128933e-05
2.217744622612372e-05
1.837301897467114e-05
1.9995433831354603e-05
1.939733192557469e-05
1.9890923795173876e-05
2.8814931283704937e-05
2.0059836970176548e-05
2.650769783940632e-05
2.0237217540852726e-05
1.5458395864698105e-05
2.444222081976477e-05
2.0794130250578746e-05
2.2435262508224696e-05
2.593866884126328e-05
2.3303029593080282e-05
1.8564680431154557e-05
2.025179855991155e-05
1.9465958757791668e-05
1.950939986272715e-05
2.4300026780110784e-05
2.2703341528540477e-05
2.510643935238477e-05
2.2830688976682723e-05
2.6991961931344122e-05
2.37489803112112e-05
1.9222678020014428e-05
1.5962505131028593e-05
2.064538057311438e-05
2.1382067643571645e-05
1.8082868336932734e-05
1.5429195627802983e-05
1.9389792214496993e-05
2.0567387764458545e-05
2.5032986741280183e-05
1.7115533410105854e-05
3.082200055359863e-05
1.7540429325890727e-05
2.3513042833656073e-05
2.3618587874807417e-05
1.9695227820193395e-05
2.4678105546627194e-05
2.5734454538905993e-05
2.0415993276401423e-05
1.7184294847538695e-05
2.4129196390276775e-05
2.505296652088873e-05
2.3214273824123666e-05
2.9052762329229154e-05
1.837921627156902e-05
2.0623760065063834e-05
1.8968858057633042e-05
2.5204342819051817e-05
2.092141039611306e-05
2.3756376322126016e-05
2.3528416932094842e-05
2.078418037854135e-05
1.85271510417806e-05
2.2943433577893302e-05
2.6669811632018536e-05
2.5345005269628018e-05
2.1335472411010414e-05
2.0173234588583e-05
2.3935092031024396e-05
1.7737385860527866e-05
2.5822637326200493e-05
2.0476209101616405e-05
2.5356752303196117e-05
2.3732556655886583e-05
1.917350891744718e-05
2.3303589841816574e-05
1.838257594499737e-05
2.4977660359581932e-05
2.279597356391605e-05
2.07156190299429e-05
2.390704321442172e-05
1.8335644199396484e-05
1.7804986782721244e-05
2.2958573026699014e-05
2.3871249140938744e-05
2.1573336198343895e-05
2.1451121938298456e-05
2.542694528528955e-05
1.5157069356064312e-05
2.2265759980655275e-05
2.352155752305407e-05
2.6094963686773553e-05
2.221451541117858e-05
1.656258427829016e-05
2.3640182917006314e-05
2.2600706870434806e-05
2.606238194857724e-05
2.442851291561965e-05
2.4666553144925274e-05
2.4784669221844524e-05
2.6057212380692363e-05
3.242973252781667e-05
2.2730046111973934e-05
2.0977904569008388e-05
2.0633240637835115e-05
2.146354927390348e-05
2.4788327209535055e-05
2.7074293029727414e-05
1.6191257600439712e-05
1.6375028280890547e-05
2.0475668861763552e-05
2.136925650120247e-05
2.520572888897732e-05
2.1943391402601264e-05
2.796427725115791e-05
2.188905273214914e-05
1.9119175703963265e-05
2.6588157197693363e-05
2.1140233002370223e-05
1.7318299796897918e-05
2.5515535526210442e-05
1.5277782949851826e-05
2.113270602421835e-05
2.185589801229071e-05
2.3672015231568366e-05
2.970745845232159e-05
1.812058690120466e-05
2.8931046472280286e-05
2.3602797227795236e-05
1.8455537428962998e-05
2.3542252165498212e-05
2.8099764676881023e-05
2.798464811348822e-05
2.94632300210651e-05
2.071471681119874e-05
2.314203084097244e-05
2.66967253992334e-05
3.0172923288773745e-05
2.252652120660059e-05
3.0811457691015676e-05
2.180874434998259e-05
2.6528221496846527e-05
2.2642525436822325e-05
2.5098779588006437e-05
2.1365405700635165e-05
3.322956035844982e-05
2.7365051209926605e-05
2.4510492949048057e-05
2.8002001272398047e-05
2.5327275579911657e-05
2.366011540289037e-05
2.1129426386323757e-05
2.0593071894836612e-05
2.811340891639702e-05
2.305478301423136e-05
1.9761009752983227e-05
2.006977956625633e-05
1.575377791596111e-05
2.2426567738875747e-05
1.9618648366304114e-05
2.8174503313493915e-05
2.486479570507072e-05
2.3199198039947078e-05
2.2683052520733327e-05
2.2771964722778648e-05
2.0781226339749992e-05
2.1113872207934037e-05
3.377572284080088e-05
1.940939728228841e-05
2.000814856728539e-05
1.6064266674220562e-05
2.759517155936919e-05
2.305964517290704e-05
1.8023201846517622e-05
1.9903029169654474e-05
2.946570202766452e-05
2.2077309040469117e-05
2.1791922335978597e-05
1.9429315216257237e-05
1.9472283383947797e-05
2.4061630028882064e-05
2.9423654268612154e-05
1.8991922843270004e-05
1.9953744413214736e-05
1.8862830984289758e-05
2.0369441699585877e-05
1.9108039850834757e-05
2.0656529159168713e-05
2.1304702386260033e-05
2.5410798116354272e-05
1.9848390365950763e-05
2.2992240701569244e-05
2.4550252419430763e-05
1.9179400624125265e-05
2.4083821699605323e-05
2.0833829694311135e-05
2.4572163965785876e-05
2.495441549399402e-05
2.3463602701667696e-05
2.292207682330627e-05
2.442697950755246e-05
2.1286625269567594e-05
3.066580757149495e-05
2.1881867724005133e-05
2.6690937374951318e-05
2.1389685571193695e-05
2.4701768779777922e-05
2.443360790493898e-05
1.9493616491672583e-05
2.121147008438129e-05
2.3202521333587356e-05
2.4945024051703513e-05
1.8298869690624997e-05
2.287716415594332e-05
2.6159217668464407e-05
2.8013449991703965e-05
2.5325123715447262e-05
2.1953559553367086e-05
2.5836247004917823e-05
2.3749635147396475e-05
2.4317581846844405e-05
2.254004721180536e-05
2.793879684759304e-05
2.2440879547502846e-05
2.6498824809095822e-05
1.9788893041550182e-05
2.073443101835437e-05
2.3205069737741724e-05
2.1470190404215828e-05
2.2167936549521983e-05
2.6020235964097083e-05
2.2874986825627275e-05
2.305138696101494e-05
2.5397763238288462e-05
1.902946678455919e-05
1.6736117686377838e-05
2.0788866095244884e-05
2.4837238015607e-05
2.1925348846707493e-05
2.700782351894304e-05
2.7425710868556052e-05
2.0396049876580946e-05
2.9087670554872602e-05
1.9424491256359033e-05
1.7066275177057832e-05
2.396090167167131e-05
2.0467981812544167e-05
2.3472584871342406e-05
2.093406510539353e-05
2.524288538552355e-05
1.9837878426187672e-05
2.5161245503113605e-05
1.6903069990803488e-05
1.985536619031336e-05
2.4273089366033673e-05
3.071424362133257e-05
2.5097999241552316e-05
2.4179098545573652e-05
2.5378285499755293e-05
2.8313739676377736e-05
2.652648436196614e-05
2.880672036553733e-05
2.2541749785887077e-05
2.8750422643497586e-05
2.1456826289067976e-05
2.5415782147319987e-05
2.2798878489993513e-05
2.3774546207278036e-05
2.3750777472741902e-05
2.0736999431392178e-05
2.1727562852902338e-05
1.4995443962106947e-05
1.682318361417856e-05
2.485515688022133e-05
2.1521253074752167e-05
2.4157969164662063e-05
1.6737614714656956e-05
1.466842968511628e-05
2.1191182895563543e-05
2.089016379613895e-05
2.481011142663192e-05
2.3350068659055978e-05
1.7658774595474824e-05
2.8303405997576192e-05
2.1282183297444135e-05
1.60703912115423e-05
2.3933438569656573e-05
1.7490894606453367e-05
2.420166492811404e-05
3.0521023290930316e-05
2.2552601876668632e-05
2.056145058304537e-05
2.682161175471265e-05
1.8074226318276487e-05
3.20210492645856e-05
2.6824605811270885e-05
1.3503351510735229e-05
2.1849031327292323e-05
1.6549300198676065e-05
1.9607803551480174e-05
2.1780717361252755e-05
2.1238465706119314e-05
1.9651293769129552e-05
2.3241631424752995e-05
2.3166416212916374e-05
2.303210749232676e-05
1.7867449059849605e-05
2.0334740838734433e-05
1.9540337234502658e-05
2.1719215510529466e-05
2.3418906494043767e-05
1.736274680297356e-05
2.2917129172128625e-05
2.2733656805939972e-05
2.5983059458667412e-05
1.867117316578515e-05
2.2832367903902195e-05
1.9327055269968696e-05
2.280508488183841e-05
2.329007475054823e-05
2.114496601279825e-05
2.5489041945547797e-05
2.1435474991449155e-05
2.2740292479284108e-05
1.625986806175206e-05
2.0604251403710805e-05
2.2238371457206085e-05
2.4982095055747777e-05
2.6188045012531802e-05
2.547178155509755e-05
1.9880139007000253e-05
2.3522705305367708e-05
2.0903380573145114e-05
1.9787756173172966e-05
2.0134066289756447e-05
2.566945659054909e-05
2.711306296987459e-05
2.2502192223328166e-05
2.8095584639231674e-05
1.8561000615591183e-05
2.1560023014899343e-05
2.410439083178062e-05
2.0719720851047896e-05
2.3322751076193526e-05
2.5572520826244727e-05
2.2451775294030085e-05
2.1412892238004133e-05
2.484459946572315e-05
2.123628291883506e-05
2.1204079530434683e-05
2.756628964561969e-05
2.5078546968870796e-05
2.4066252080956474e-05
2.6574822186375968e-05
2.1384272258728743e-05
2.2223381165531464e-05
2.424885860818904e-05
2.189731276303064e-05
2.3294724087463692e-05
2.2337497284752317e-05
2.015216523432173e-05
1.9073360817856155e-05
2.5335386453662068e-05
1.847482235461939e-05
1.708956915535964e-05
2.5671655748737976e-05
2.0781324565177783e-05
2.364861938985996e-05
2.7265961762168445e-05
2.134180613211356e-05
2.27603468374582e-05
2.2906606318429112e-05
2.1896459657000378e-05
2.4731616576900706e-05
2.3374799638986588e-05
2.3918653823784553e-05
1.9572751625673845e-05
2.0722114641102962e-05
2.0289058738853782e-05
2.197251706093084e-05
1.8717113562161103e-05
1.6884037904674187e-05
1.9364899344509467e-05
2.2802752937423065e-05
1.941614391398616e-05
2.8539228878798895e-05
2.4835018848534673e-05
1.7538090105517767e-05
2.7609372409642674e-05
2.157028029614594e-05
2.025191133725457e-05
2.385086554568261e-05
2.4773424229351804e-05
2.117984877259005e-05
2.1125717466929927e-05
2.422906254651025e-05
2.4561410100432113e-05
1.939376670634374e-05
1.7351478163618594e-05
2.838266118487809e-05
2.0080062313354574e-05
1.786063876352273e-05
2.7212232453166507e-05
3.22551786666736e-05
2.6786172384163365e-05
2.6854548195842654e-05
2.2106389224063605e-05
1.72447798831854e-05
2.4492353986715898e-05
1.817715383367613e-05
2.2589743821299635e-05
1.9624378182925284e-05
2.0337192836450413e-05
1.996528953895904e-05
1.7603802916710265e-05
2.31536560022505e-05
2.3313812562264502e-05
2.6280191377736628e-05
2.388619031989947e-05
2.3721353500150144e-05
2.7123405743623152e-05
2.5531446226523258e-05
2.7151867470820434e-05
2.4413599021499977e-05
1.463686567149125e-05
1.9569833966670558e-05
1.775531745806802e-05
2.2980755602475256e-05
2.001328903133981e-05
2.381607009738218e-05
2.5970004571718164e-05
2.593295903352555e-05
2.62410358118359e-05
2.2034277208149433e-05
2.940634840342682e-05
2.098067125189118e-05
1.664247247390449e-05
1.7392692825524136e-05
2.197550747951027e-05
2.2661326511297375e-05
2.644718006195035e-05
2.1943638785160147e-05
2.2854930648463778e-05
2.057221718132496e-05
2.0590750864357688e-05
3.20496728818398e-05
2.7090385628980584e-05
2.0275470888009295e-05
2.666570435394533e-05
3.0768926080781966e-05
2.3641656298423186e-05
2.2601952878176235e-05
1.9058121324633248e-05
2.020799001911655e-05
2.0050230887136422e-05
2.2514173906529322e-05
1.7763066352927126e-05
1.8890854335040785e-05
2.0821913494728506e-05
2.4502627638867125e-05
2.3382861400023103e-05
1.8113667465513572e-05
2.620279155962635e-05
2.7532239982974716e-05
2.072271308861673e-05
2.648766167112626e-05
2.2320629796013236e-05
2.730821870500222e-05
2.1911504518357106e-05
1.536038689664565e-05
2.3890543161542155e-05
2.6875217372435145e-05
2.3744341888232157e-05
2.4830813345033675e-05
1.8891547370003536e-05
2.636103454278782e-05
2.754507659119554e-05
2.819545079546515e-05
2.1841393390786834e-05
2.5508186809020117e-05
2.0105864678043872e-05
2.0466753994696774e-05
2.7178799427929334e-05
1.8227025066153146e-05
2.753050284809433e-05
2.28825410886202e-05
2.627849971759133e-05
2.014149504248053e-05
2.0704552298411727e-05
2.0327410311438143e-05
2.2815691409050487e-05
2.178965587518178e-05
2.0521536498563364e-05
1.892848922580015e-05
2.0536306692520157e-05
1.59671762958169e-05
2.3931403120514005e-05
2.152683009626344e-05
1.930298822117038e-05
1.687349140411243e-05
1.986371717066504e-05
2.2284037186182104e-05
2.2197804355528206e-05
2.2147214622236788e-05
2.7767446226789616e-05
2.0578021576511674e-05
2.1478961571119726e-05
1.9753391825361177e-05
3.411616853554733e-05
2.315217352588661e-05
1.8139719031751156e-05
1.760323175403755e-05
2.1437808754853904e-05
1.6240230252151377e-05
2.1163281417102553e-05
2.0629942810046487e-05
1.8117183572030626e-05
1.992859506572131e-05
2.589378709672019e-05
1.9748302293010056e-05
2.0296498405514285e-05
2.1239195120870136e-05
2.2434907805291004e-05
2.2703530703438446e-05
2.5381785235367715e-05
2.6174606318818405e-05
2.345885513932444e-05
2.2006175640854053e-05
2.1119078155606985e-05
1.949739635165315e-05
2.511040111130569e-05
2.2638549125986174e-05
2.012122786254622e-05
2.173066241084598e-05
2.4804865461192094e-05
1.8251797882840037e-05
2.4300328732351772e-05
2.2532392904395238e-05
2.5819139409577474e-05
2.3604095986229368e-05
1.6464891814393923e-05
2.1067024135845713e-05
2.5207558792317286e-05
2.0159648556727916e-05
2.5659857783466578e-05
2.0911495084874332e-05
2.5635355996200815e-05
2.2849397282698192e-05
2.0898856746498495e-05
2.3994460207177326e-05
2.108316039084457e-05
2.448442864988465e-05
2.2814700059825554e-05
2.1696047042496502e-05
2.23344613914378e-05
2.5089877453865483e-05
2.7371759642846882e-05
2.4361364921787754e-05
2.7517558919498697e-05
2.7989166483166628e-05
2.383749233558774e-05
2.4762322937021963e-05
2.2446361981565133e-05
2.2610125597566366e-05
1.602977681613993e-05
2.139224307029508e-05
1.648133729759138e-05
2.609652074170299e-05
2.3949609385454096e-05
1.6772020899225026e-05
1.837237687141169e-05
1.6747908375691622e-05
2.37426720559597e-05
1.997604704229161e-05
2.2464795620180666e-05
2.3270014935405925e-05
2.0564382793963887e-05
2.259951361338608e-05
2.7928510462515987e-05
1.7997506802203134e-05
1.992379839066416e-05
1.5679419448133558e-05
2.236461114080157e-05
1.8295961126568727e-05
2.0166964532108977e-05
1.3650372238771524e-05
2.026350011874456e-05
2.0661542293964885e-05
1.7879277947940864e-05
2.2230613467399962e-05
2.5172859750455245e-05
2.267740637762472e-05
1.8348211597185582e-05
2.936267264885828e-05
2.0689612938440405e-05
1.8811397239915095e-05
2.0050982129760087e-05
2.44812235905556e-05
2.373863935645204e-05
2.25143685383955e-05
2.248977034469135e-05
2.6745952709461562e-05
2.2042153432266787e-05
1.3671211490873247e-05
2.6931738830171525e-05
2.243211019958835e-05
2.259842040075455e-05
1.9760984287131578e-05
2.5622690372983925e-05
1.8456219549989328e-05
2.3766957383486442e-05
2.407568899798207e-05
2.0515170035650954e-05
2.0938132365699857e-05
2.238402703369502e-05
2.176698217226658e-05
2.493717875040602e-05
2.1708036001655273e-05
1.7627404304221272e-05
1.8984350390383042e-05
1.8987624571309425e-05
1.941828668350354e-05
1.8354490748606622e-05
2.2006621293257922e-05
2.1316016500350088e-05
1.773301301000174e-05
2.2969730707700364e-05
2.9505452403100207e-05
2.111976209562272e-05
2.5399913283763453e-05
1.5406310922116973e-05
2.079171645164024e-05
2.1190629922784865e-05
2.583107016107533e-05
2.4688104531378485e-05
2.2994907340034842e-05
2.260352084704209e-05
2.9351389457588084e-05
1.4943406313250307e-05
1.871011045295745e-05
2.064234831777867e-05
2.6679403163143434e-05
1.9034301658393815e-05
2.3912241886137053e-05
2.015711106650997e-05
1.7785951058613136e-05
2.0501674953266047e-05
2.364597821724601e-05
2.0308054445195012e-05
1.9364277250133455e-05
2.4946933990577236e-05
2.53976795647759e-05
2.1326974092517048e-05
2.2791975425207056e-05
2.148136991309002e-05
2.1397661839728244e-05
2.5153653041343205e-05
2.4100529117276892e-05
2.616769415908493e-05
1.854808760981541e-05
2.1796420696773566e-05
1.6918571418500505e-05
2.3367883841274306e-05
2.383561513852328e-05
1.869566403911449e-05
2.047117413894739e-05
2.1894084056839347e-05
2.251356272608973e-05
2.2521166101796553e-05
2.8629519874812104e-05
2.085944652208127e-05
1.911731669679284e-05
2.6113888452528045e-05
1.9604121916927397e-05
2.9027458367636427e-05
2.156321716029197e-05
2.1663172447006218e-05
1.9065120795858093e-05
1.5719837392680347e-05
1.9674471332109533e-05
2.090430280077271e-05
2.6694853659137152e-05
2.047935595328454e-05
2.0598947230610065e-05
2.1027626644354314e-05
2.4161530745914206e-05
1.832752604968846e-05
1.741867163218558e-05
2.8655989808612503e-05
2.3969518224475905e-05
2.1593501514871605e-05
1.7976510207518004e-05
2.0322384443716146e-05
2.2310785425361246e-05
1.9128903659293428e-05
2.3197484551928937e-05
1.7347605535178445e-05
1.779682861524634e-05
2.95560803351691e-05
2.0493806005106308e-05
2.058980862784665e-05
2.2736247046850622e-05
2.3900052838143893e-05
1.5831883501959965e-05
2.4083947209874168e-05
2.1911499061388895e-05
1.884935591078829e-05
2.014432720898185e-05
2.4875693270587362e-05
1.914752647280693e-05
2.0007644707220607e-05
2.609588045743294e-05
1.803230588848237e-05
1.6901149137993343e-05
2.2313242880045436e-05
1.645634984015487e-05
2.1065387045382522e-05
2.2833923139842227e-05
2.2276331947068684e-05
2.0962888811482117e-05
1.4079724678595085e-05
2.076958116958849e-05
2.706075247260742e-05
2.4192453565774485e-05
2.194081935158465e-05
1.97539684450021e-05
2.0248027794878e-05
2.2465819711214863e-05
1.874710142146796e-05
2.0318155293352902e-05
1.6322945157298818e-05
1.9787981727859005e-05
2.5411967726540752e-05
2.877183214877732e-05
2.048356327577494e-05
1.9275052181910723e-05
2.6311963665648364e-05
2.653263436513953e-05
1.8696373444981873e-05
2.4356379071832635e-05
1.926011645991821e-05
2.601784944999963e-05
2.201079587393906e-05
1.758738471835386e-05
2.0305989892221987e-05
2.0999275875510648e-05
1.9333238014951348e-05
2.4245257009170018e-05
3.374023799551651e-05
1.892522777779959e-05
2.751528336375486e-05
2.28358076128643e-05
1.7710679458105005e-05
2.220624082838185e-05
2.22867020056583e-05
1.675231396802701e-05
2.1798319721710868e-05
1.7002510503516532e-05
2.302329448866658e-05
1.804436215024907e-05
2.2796790290158242e-05
2.201209463237319e-05
2.0277599105611444e-05
2.383546052442398e-05
2.375917938479688e-05
2.0679844965343364e-05
2.2447820811066777e-05
2.2959911802900024e-05
1.6767740817158483e-05
1.8498256395105273e-05
1.8821132471202873e-05
2.3179347408586182e-05
2.672183109098114e-05
1.89248221431626e-05
2.931717608589679e-05
2.2502716092276387e-05
2.8855909476988018e-05
2.2828622604720294e-05
2.456073161738459e-05
2.4165783543139696e-05
1.8033118976745754e-05
2.1843565264134668e-05
1.7736390873324126e-05
1.942072412930429e-05
2.1575484424829483e-05
2.347763438592665e-05
1.9871902622980997e-05
2.207171928603202e-05
2.196495006501209e-05
2.7610347387962975e-05
2.4421564376098104e-05
2.789852806017734e-05
2.2271473426371813e-05
2.3880733351688832e-05
2.149838473997079e-05
2.2750402422389016e-05
1.8668970369617455e-05
1.8117279978469014e-05
2.214876440120861e-05
2.104716986650601e-05
2.4123162802425213e-05
2.1565903807641007e-05
2.3678992874920368e-05
2.1882986402488314e-05
2.262982707179617e-05
2.168092760257423e-05
2.023614251811523e-05
2.0158102415734902e-05
2.296801540069282e-05
1.809927198337391e-05
2.1131272660568357e-05
2.4847540771588683e-05
1.880623858596664e-05
2.144681457139086e-05
1.9561572116799653e-05
1.7357402612105943e-05
2.22442777157994e-05
1.8931805243482813e-05
2.1144542188267224e-05
2.091619353450369e-05
2.3331387637881562e-05
2.360613871132955e-05
2.0984572984161787e-05
2.199667869717814e-05
2.7608813979895785e-05
2.5216344511136413e-05
2.083910112560261e-05
1.984220762096811e-05
2.026169022428803e-05
1.7904860214912333e-05
2.0609873899957165e-05
2.022978696913924e-05
2.466522164468188e-05
2.3538550522061996e-05
2.7060268621426076e-05
2.3496131689171307e-05
1.8063939933199435e-05
2.0523746570688672e-05
2.151061016775202e-05
2.5223835109500214e-05
2.0886565835098736e-05
2.1455107344081625e-05
2.081273305520881e-05
1.974665246962104e-05
1.4753786672372371e-05
2.2433814592659473e-05
2.0988118194509298e-05
2.0891853637294844e-05
2.421735189273022e-05
2.598006722109858e-05
1.4934904356778134e-05
2.3100014004739933e-05
2.6567699023871683e-05
1.8966393326991238e-05
2.333562952117063e-05
2.1360177925089374e-05
2.3323456844082102e-05
1.9660779798869044e-05
2.990561188198626e-05
2.3206732294056565e-05
2.1821724658366293e-05
2.1785646822536364e-05
2.5787725462578237e-05
2.184238110203296e-05
1.7829412172432058e-05
2.7746616979129612e-05
2.0633491658372805e-05
1.7802911315811798e-05
2.3028185751172714e-05
2.531703285058029e-05
1.9259801774751395e-05
2.0576984752551652e-05
2.3405391402775422e-05
1.9083572624367662e-05
1.998705010919366e-05
1.8320710296393372e-05
2.48514479608275e-05
2.178021168219857e-05
2.2460182663053274e-05
1.902077201521024e-05
2.0111243429710157e-05
1.8556738723418675e-05
2.1780733732157387e-05
2.1048879716545343e-05
2.461214353388641e-05
2.7602913178270683e-05
2.0602881704689935e-05
2.0708019292214885e-05
1.9163404431310482e-05
2.1864667360205203e-05
1.995433740376029e-05
1.8743832697509788e-05
2.8061727789463475e-05
2.883610432036221e-05
2.484881588316057e-05
2.5287503376603127e-05
2.4692692022654228e-05
1.9818269720417447e-05
1.898946902656462e-05
1.739642357279081e-05
2.4012451831367798e-05
1.8438684492139146e-05
1.957735548785422e-05
1.9481054550851695e-05
2.611700983834453e-05
1.688293195911683e-05
1.5744684787932783e-05
2.0953151761204936e-05
1.8692297089728527e-05
1.8031596482614987e-05
2.6111380066140555e-05
1.7322392523055896e-05
1.940817674039863e-05
2.2753018129151314e-05
1.9581431843107566e-05
