--name:
20221102_2016

--model type:
CSTR

--controlled system:
True

--lyapunov correction:
False

--learning rate:
0.01

--number of epoches:
1

--number of batches:
1024

--number of samples per batch:
256

--FNN fc1 weights:
Parameter containing:
tensor([[ 0.4085, -0.5733],
        [ 0.0141,  0.2485],
        [-0.2911, -0.4748],
        [-0.0410,  0.1965],
        [ 0.4733,  0.2255],
        [-0.2472,  0.4541],
        [-0.3019,  0.6800],
        [ 0.2379, -0.5965],
        [-0.2769, -0.3211],
        [-0.2615,  0.0288],
        [-0.6828, -0.0262],
        [ 0.4045,  0.6536],
        [ 0.6561, -0.0165],
        [-0.4737,  0.2980],
        [-0.2112, -0.2114],
        [ 0.4916,  0.0282],
        [ 0.2016, -0.1774],
        [ 0.2526,  0.7028],
        [-0.3867, -0.1992],
        [ 0.4859, -0.2333],
        [ 0.0946,  0.4231],
        [ 0.0450, -0.4644],
        [ 0.4101,  0.4469],
        [-0.1911,  0.6976],
        [ 0.3196,  0.5492],
        [ 0.2709,  0.0490],
        [-0.1827,  0.4965],
        [-0.3201,  0.1987],
        [ 0.2746, -0.5676],
        [-0.1949, -0.2062],
        [-0.0232, -0.1625],
        [ 0.2403,  0.3405],
        [ 0.3116,  0.6312],
        [-0.6747, -0.2657],
        [-0.5636,  0.3111],
        [-0.2286,  0.3526],
        [ 0.1100, -0.2063],
        [ 0.1589,  0.2896],
        [-0.2112, -0.5155],
        [-0.5845, -0.0442],
        [-0.0624, -0.0890],
        [-0.6027,  0.4730],
        [ 0.1396,  0.2109],
        [ 0.4083,  0.1196],
        [ 0.5356, -0.1497],
        [-0.1786,  0.5395],
        [ 0.0950,  0.5484],
        [ 0.0240,  0.6588],
        [ 0.1769,  0.0013],
        [ 0.0201, -0.5480],
        [ 0.2493,  0.2487],
        [ 0.6711, -0.6887],
        [ 0.5725, -0.4091],
        [-0.4972,  0.3242],
        [ 0.2961, -0.0703],
        [ 0.1766,  0.3354],
        [-0.6137,  0.6773],
        [-0.2300, -0.0928],
        [-0.4681,  0.4159],
        [-0.6138,  0.5591],
        [ 0.6387, -0.4390],
        [-0.5625, -0.5795],
        [ 0.3785,  0.0120],
        [ 0.2028,  0.4023],
        [ 0.6524, -0.5370],
        [-0.1792,  0.4738],
        [ 0.6997,  0.6715],
        [-0.4628, -0.6354],
        [ 0.0796,  0.5244],
        [ 0.2856,  0.0723],
        [-0.0427,  0.2310],
        [-0.0333,  0.2557],
        [-0.1237, -0.4615],
        [ 0.4391, -0.3984],
        [ 0.3602, -0.6837],
        [ 0.1933, -0.6867],
        [ 0.5049,  0.4620],
        [-0.0495, -0.5358],
        [ 0.5433,  0.2252],
        [ 0.4910, -0.2772]], requires_grad=True)

--GNN fc1 weights:
Parameter containing:
tensor([[-4.4313e-03,  2.2278e-05],
        [-1.3787e-05, -4.4589e-03]], requires_grad=True)

--GNN fc1 bias:
Parameter containing:
tensor([2.2607e-02, 4.6746e-05], requires_grad=True)

--Testing loss:
tensor(0.1016, grad_fn=<MulBackward0>)

--Training losses:
9.317170679423725e-07
1.137746494350722e-06
9.669146265878226e-07
9.424431368643127e-07
9.164095899905078e-07
9.038928965310333e-07
9.835594028118066e-07
1.1275083124928642e-06
8.651313692098483e-07
1.04819662283262e-06
8.809413998278615e-07
1.0523793889660737e-06
1.2262440804988728e-06
9.23923721529718e-07
9.419554771739058e-07
9.64412265602732e-07
8.972601790446788e-07
9.399432201462332e-07
8.622546943115594e-07
8.202041499316692e-07
8.285514923045412e-07
9.283666031478788e-07
1.0079230605697376e-06
8.843632031130255e-07
8.974081993073924e-07
8.217317599701346e-07
9.221645882462326e-07
9.844623036769917e-07
1.0259607279294869e-06
9.213032967636536e-07
9.696226470623515e-07
7.946598543639993e-07
1.0740089919636375e-06
1.1518665132825845e-06
9.942169754140195e-07
8.146503205352928e-07
8.978879009191587e-07
9.470302302361233e-07
1.0443720839248272e-06
9.774644240678754e-07
9.545383363729343e-07
9.48260833411041e-07
1.087256691789662e-06
8.923218501877273e-07
9.497533710600692e-07
9.927899782269378e-07
9.211273663822794e-07
9.77743866314995e-07
1.0824702485479065e-06
8.910611768442323e-07
8.51955917369196e-07
9.651156460677157e-07
7.894216196291381e-07
8.927514159040584e-07
9.344439604319632e-07
9.838799996941816e-07
1.1441616152296774e-06
9.363303092868591e-07
9.920133834384615e-07
9.441949941901839e-07
9.009015116134833e-07
9.887202168101794e-07
8.484209956804989e-07
8.853799045027699e-07
9.12542532205407e-07
1.0307460343028652e-06
8.88790680164675e-07
9.470654163123982e-07
1.043431211655843e-06
1.1488584732433083e-06
8.585824389228947e-07
8.745340096538712e-07
8.686943147040438e-07
8.305379992634698e-07
8.460365279461257e-07
9.354117764814873e-07
9.539214715914568e-07
8.9402124103799e-07
8.957251225183427e-07
9.370983207190875e-07
1.010512846733036e-06
1.0355496442571166e-06
9.566059588905773e-07
9.498805866314797e-07
8.669074986755732e-07
1.038248910845141e-06
8.158127116075775e-07
8.126444299705327e-07
1.0292637853126507e-06
1.1201802863070043e-06
9.416447710464126e-07
8.991823960968759e-07
9.406758181285113e-07
8.999043075164082e-07
8.348108622158179e-07
9.279027040065557e-07
7.832617257008678e-07
9.463260539632756e-07
1.2232618473717594e-06
9.400478120369371e-07
9.311805797551642e-07
9.216226430908137e-07
8.314266324305208e-07
9.993352705350844e-07
8.921246603676991e-07
8.33329636407143e-07
9.263083029509289e-07
8.937350344240258e-07
9.958018836186966e-07
8.77857075920474e-07
8.536659379387856e-07
1.0239691619062796e-06
9.152441293736047e-07
1.0073068779092864e-06
1.179299715658999e-06
8.843929890645086e-07
9.236436540049908e-07
9.426366887055337e-07
7.36897277420212e-07
9.587214435669011e-07
9.560186526869074e-07
1.0466844742040848e-06
8.374920525966445e-07
9.306698984801187e-07
1.0090416253660806e-06
8.371051762878778e-07
9.987305702452431e-07
8.77113848218869e-07
8.921587664190156e-07
9.626784276406397e-07
9.689617854746757e-07
9.029862440002034e-07
1.067394236997643e-06
9.180126880892203e-07
7.765734153508674e-07
8.198743444154388e-07
8.689888773005805e-07
8.280934480353608e-07
8.316052344525815e-07
8.646784976917843e-07
8.817210641609563e-07
7.885421950959426e-07
8.686782280165062e-07
1.229063855134882e-06
9.37373783926887e-07
9.20850254715333e-07
9.513669283478521e-07
8.290220989692898e-07
1.0184255643252982e-06
9.884229257295374e-07
8.548410619368951e-07
1.1695615285134409e-06
9.958896498574177e-07
1.090862724595354e-06
9.612476787879132e-07
9.059481271833647e-07
8.548763617000077e-07
9.79556261881953e-07
8.621665301689063e-07
9.003207992464013e-07
8.64742332851165e-07
1.0045497447208618e-06
8.912978159969498e-07
9.115565262618475e-07
8.486939009344496e-07
7.844115543775843e-07
9.471182806919387e-07
9.922189292410621e-07
8.505778055223345e-07
9.114727390624466e-07
8.568242719775299e-07
1.0047505156762782e-06
8.640569717499602e-07
1.032518071042432e-06
1.004673436000303e-06
8.927843850869976e-07
1.1413516176617122e-06
9.49931518334779e-07
9.395496931574598e-07
9.462829666517791e-07
9.031089689415239e-07
9.037323707161704e-07
9.50811568145582e-07
9.784146186575526e-07
9.612469966668868e-07
1.0488007546882727e-06
9.971630561267375e-07
1.1429175401644898e-06
1.0006015145336278e-06
8.890199296729406e-07
8.29329508178489e-07
8.900133252609521e-07
1.096298660741013e-06
1.053546839102637e-06
9.46329578255245e-07
8.759934075897036e-07
9.975141210816219e-07
1.0187895895796828e-06
9.295299605582841e-07
8.694896109773254e-07
8.265184305855655e-07
1.0312464837625157e-06
9.088229262488312e-07
9.146507409241167e-07
1.0087262580782408e-06
8.722244047021377e-07
9.256277735403273e-07
9.818876378631103e-07
7.787739946252259e-07
9.307776736022788e-07
8.38552409732074e-07
9.803247849049512e-07
8.134667268677731e-07
9.538332506053848e-07
8.237940960498236e-07
9.370828593091574e-07
8.758908052186598e-07
9.85416136245476e-07
9.426462383999024e-07
8.52343475798989e-07
8.535432129974652e-07
9.734488912727102e-07
9.189005254484073e-07
1.0605110674077878e-06
9.398899010193418e-07
9.001386729323713e-07
9.339030953015026e-07
9.577072432875866e-07
8.572309297960601e-07
1.1134136457258137e-06
7.592675501655322e-07
9.570383099344326e-07
9.338672839476203e-07
9.763444950294797e-07
1.233803914146847e-06
9.52469576986914e-07
9.569351959726191e-07
9.328329042546102e-07
1.0253592108711018e-06
9.092364621210436e-07
8.702343166078208e-07
8.847425192470837e-07
8.63849606957956e-07
9.492147228229442e-07
1.0731049542300752e-06
8.922482948037214e-07
8.930039712140569e-07
8.974540151029942e-07
9.347719469587901e-07
1.0247540558339097e-06
9.412316330781323e-07
8.278030350084009e-07
8.443897741017281e-07
9.192260677082231e-07
8.827501005725935e-07
8.702561444806634e-07
8.533419872946979e-07
9.419123898624093e-07
9.323567837782321e-07
8.59785814100178e-07
9.454421387999901e-07
8.236928579208325e-07
8.704949436832976e-07
8.449886763628456e-07
8.679518259668839e-07
1.0185192422795808e-06
9.072986131286598e-07
8.863622724675224e-07
8.398861268688051e-07
7.844745937291009e-07
7.72591874920181e-07
1.0112779591509025e-06
9.717467719383421e-07
9.088259957934497e-07
8.005311542547133e-07
9.334862056675775e-07
9.140724159806268e-07
8.83125210293656e-07
9.328271630693052e-07
8.499087584823428e-07
9.767915116754011e-07
1.0118026239069877e-06
8.453607165392896e-07
1.0071188398796949e-06
9.703728665044764e-07
1.0304468105459819e-06
8.221257985496777e-07
8.802945217212255e-07
1.1405509212636389e-06
1.0475353064975934e-06
8.081964324446744e-07
9.599235681889695e-07
1.0406120054540224e-06
7.948963229864603e-07
9.156328815151937e-07
9.427241138837417e-07
1.0495325568626868e-06
9.877405773295322e-07
9.204691764352901e-07
1.0228060318695498e-06
8.073033086475334e-07
8.432743925368413e-07
1.0942878816422308e-06
1.0438295703352196e-06
8.732580454307026e-07
1.0454465382281342e-06
9.539269285596674e-07
1.0461993724675267e-06
1.0803863688124693e-06
8.794718837634719e-07
1.0868122899410082e-06
8.171977015081211e-07
8.235317636717809e-07
9.415657586941961e-07
8.81607661540329e-07
9.080509926207014e-07
8.423986059824529e-07
9.5807581601548e-07
9.461894023843342e-07
8.373250466320314e-07
1.0924790103672422e-06
9.70421183410508e-07
9.541689678371768e-07
8.781341875874205e-07
9.122806545747153e-07
9.526415851723868e-07
1.0648064971974236e-06
8.813610179458919e-07
9.929648285833537e-07
8.831806894704641e-07
1.0479232059878996e-06
1.101295652006229e-06
1.0563617252046242e-06
8.100640229713463e-07
8.844780836625432e-07
8.484966542710026e-07
9.221816412718908e-07
9.399280997968162e-07
8.104734661174007e-07
9.950467756425496e-07
9.135543450611294e-07
9.822223319133627e-07
1.0246344572806265e-06
8.919489005165815e-07
1.065965761881671e-06
9.24983908134891e-07
1.0168034805246862e-06
9.227818509316421e-07
9.212951681547565e-07
9.185513363263453e-07
8.527620138920611e-07
1.0262328942189924e-06
8.602485195297049e-07
9.077331242224318e-07
8.726054829821805e-07
8.774806019573589e-07
1.0663603688954026e-06
8.724517783775809e-07
1.0411130233478616e-06
8.910826636565616e-07
8.805271818346228e-07
8.072075843301718e-07
8.961267781160132e-07
7.872176865930669e-07
9.220009928867512e-07
1.0221012871625135e-06
9.422014954907354e-07
8.948902063821151e-07
8.58880412124563e-07
9.920207730829134e-07
9.335313961855718e-07
9.94625565908791e-07
9.247996786143631e-07
8.766331234255631e-07
9.21750313409575e-07
1.0054739050247008e-06
1.0320839010091731e-06
9.411404562342796e-07
7.929164098641195e-07
9.255839472643856e-07
9.318729325968889e-07
8.890766025615449e-07
8.984771397990698e-07
9.605173545423895e-07
1.1225971547901281e-06
8.974314482657064e-07
1.0482417565071955e-06
1.0028006727225147e-06
9.618635203878512e-07
1.0421006209071493e-06
8.580668122704083e-07
8.434309961558029e-07
9.709203823149437e-07
8.968254974206502e-07
1.0412163646833505e-06
1.016719011204259e-06
9.629872010918916e-07
8.332086736118072e-07
9.963680440705502e-07
8.766053269937402e-07
1.089994498215674e-06
1.1474166967673227e-06
8.796374686426134e-07
9.548730304231867e-07
9.73723786046321e-07
8.10297308362351e-07
9.803563898458378e-07
8.50044273192907e-07
9.187260161525046e-07
8.52410039442475e-07
9.529819067211065e-07
8.600477485742886e-07
8.160878905982827e-07
8.688368211551278e-07
1.1018103123205947e-06
9.09422510630975e-07
9.15560917746916e-07
8.904137871468265e-07
9.28414692680235e-07
1.119007151828555e-06
1.0990255532306037e-06
1.1327711035846733e-06
1.131082967731345e-06
9.83995391834469e-07
8.96130529781658e-07
8.983278689811414e-07
1.1302503253318719e-06
9.93966068563168e-07
8.850354902278923e-07
8.696259214957536e-07
8.167862688424066e-07
8.658197430122527e-07
1.0020801255450351e-06
8.708287850822671e-07
9.415138606527762e-07
9.73137389337353e-07
8.766047585595516e-07
8.267198836620082e-07
9.36490835101722e-07
9.075915841094684e-07
1.0720323189161718e-06
8.86598058968957e-07
1.1296972388663562e-06
9.423608275938022e-07
9.734941386341234e-07
8.553413408662891e-07
9.195649681714713e-07
1.0096939604409272e-06
9.37541187795432e-07
8.272008358289895e-07
8.997420763989794e-07
8.516043408235419e-07
9.233550599674345e-07
8.423393751399999e-07
1.0405706234450918e-06
1.0496585218788823e-06
8.216131277549721e-07
8.783371185927535e-07
1.2126038200221956e-06
1.1310447689538705e-06
9.085790111384995e-07
9.031087984112673e-07
9.023988241096959e-07
9.563104867993388e-07
7.7023673838994e-07
1.004117962111195e-06
1.0185237897530897e-06
1.0218236639047973e-06
9.669677183410386e-07
8.436077223450411e-07
9.96032895272947e-07
8.489408855893998e-07
1.1089465488112182e-06
8.235920176957734e-07
9.242742748938326e-07
9.277488288716995e-07
8.893902077033999e-07
8.980571806205262e-07
1.0175613169849385e-06
9.835117680268013e-07
8.679760981067375e-07
9.403617013958865e-07
9.400797580383369e-07
1.049608385983447e-06
8.973211151896976e-07
9.757854968484025e-07
9.29307020669512e-07
8.366956194549857e-07
9.108052267947642e-07
9.432320666746818e-07
8.114005822790205e-07
9.034745858116366e-07
1.0408057278255e-06
9.746346449901466e-07
8.759710112826724e-07
1.0449161891301628e-06
8.288359367725207e-07
8.875299499777611e-07
9.472399824517197e-07
7.707420195401937e-07
9.594967878001626e-07
8.793660981609719e-07
1.0001368764278595e-06
8.390254038204148e-07
9.041009434440639e-07
9.183499969367404e-07
9.49537820815749e-07
9.80125150817912e-07
1.0747654641818372e-06
9.659277111495612e-07
9.671621228335425e-07
8.192936320483568e-07
9.409067160959239e-07
1.2240409432706656e-06
8.18136186353513e-07
9.902402098305174e-07
9.685121540314867e-07
9.358118404634297e-07
8.837940299599722e-07
8.910873816603271e-07
1.0137986237168661e-06
8.241782438744849e-07
9.484846827945148e-07
9.149029551736021e-07
1.0708690751926042e-06
1.0068011988551007e-06
8.008197482922697e-07
9.666172218203428e-07
8.900422017177334e-07
8.500439889758127e-07
9.232629167854611e-07
1.1689973007378285e-06
9.013275530378451e-07
8.752767826081254e-07
9.114475005844724e-07
1.0479037655386492e-06
9.29459361032059e-07
9.156399300991325e-07
1.083234565157909e-06
8.864280971465632e-07
9.262886351280031e-07
9.567590950609883e-07
8.68895142502879e-07
8.329540150953108e-07
1.0126714187208563e-06
7.870594345149584e-07
9.767931032911292e-07
8.35200012261339e-07
8.626732324046316e-07
8.968302722678345e-07
8.743396620047861e-07
1.2263187727512559e-06
9.127421094490273e-07
9.493269317317754e-07
1.0471537734701997e-06
9.875338946585543e-07
8.419089567723859e-07
1.0665014542610152e-06
8.604766890130122e-07
9.001296916721913e-07
9.260695605917135e-07
1.0102518217536272e-06
8.376984510505281e-07
9.630267641114187e-07
9.373667353429482e-07
8.372136335310643e-07
8.77315983416338e-07
9.326577696811e-07
9.509861342849035e-07
9.263459332942148e-07
9.290411071560811e-07
1.0413903055450646e-06
8.406469760302571e-07
9.179132121062139e-07
9.703281875772518e-07
8.931122010835679e-07
8.773826039032429e-07
9.515175065644144e-07
9.611418363419943e-07
1.0577100511000026e-06
9.147625519290159e-07
9.425180564903712e-07
8.40869574858516e-07
8.752664371058927e-07
9.203741910823737e-07
9.126084705712856e-07
9.640671123634093e-07
9.54595634539146e-07
8.986457942228299e-07
8.285973649435618e-07
8.945912099989073e-07
8.507803386237356e-07
7.861946187404101e-07
8.228593060266576e-07
9.643159728511819e-07
8.711483019396837e-07
8.189965114979714e-07
8.423271538049448e-07
8.538706310901034e-07
1.0446616443005041e-06
9.850573405856267e-07
1.0539019967836794e-06
8.686939168001118e-07
1.0041903806268238e-06
8.608241159890895e-07
9.462291927775368e-07
8.513362672601943e-07
9.878344826574903e-07
8.170132446139178e-07
9.335141157862381e-07
8.318722279909707e-07
1.0962355645460775e-06
9.38620132728829e-07
8.601355716564285e-07
8.790602805675007e-07
8.813585168354621e-07
8.904161177269998e-07
1.055537723004818e-06
9.675369483375107e-07
7.755152182653546e-07
9.02764270449552e-07
9.711335451356717e-07
8.913497140383697e-07
8.342714750142477e-07
9.869901305137319e-07
8.588016271460219e-07
9.223569463756576e-07
9.017027196023264e-07
9.042554438565276e-07
1.0449323326611193e-06
9.614280997993774e-07
9.669365681475028e-07
9.587773774910602e-07
8.104796052066376e-07
8.870200076671608e-07
8.474978017147805e-07
9.400067710885196e-07
1.0837592299139942e-06
1.0735329851740971e-06
1.0397086498414865e-06
9.796025324249058e-07
1.0568518291620421e-06
8.7818909833004e-07
9.178097570838872e-07
7.68515008076065e-07
9.972218322218396e-07
8.841830663186556e-07
9.549220294502447e-07
1.0362872444602544e-06
9.96964786281751e-07
9.816563988351845e-07
9.890659384836908e-07
8.569312512918259e-07
7.706426004006062e-07
8.81198047864018e-07
8.749732387514086e-07
9.353418590762885e-07
9.725168865770684e-07
1.1688628092088038e-06
9.600043995305896e-07
8.235504651565861e-07
1.0528149232413853e-06
8.680204359734489e-07
1.0531157386139967e-06
9.798943665373372e-07
1.054850827131304e-06
9.209554718836443e-07
9.39557367019006e-07
8.780584721534979e-07
9.060948400474444e-07
9.834046750256675e-07
7.937713917272049e-07
1.0035321338364156e-06
1.1257043297518976e-06
9.637151379138231e-07
9.121097264142008e-07
8.140563636516163e-07
1.0011166295953444e-06
9.836321623879485e-07
9.9253588814463e-07
7.699946991124307e-07
9.712105111248093e-07
8.921820153773297e-07
9.823598929870059e-07
8.985852559817431e-07
9.146609158960928e-07
1.0642640972946538e-06
9.683067219157238e-07
8.865150107340014e-07
8.696221698301088e-07
8.690971640135103e-07
1.0812723303388339e-06
9.812970347411465e-07
1.00269562608446e-06
1.014841245705611e-06
1.0145854503207374e-06
8.92654782091995e-07
9.310385848948499e-07
8.182859119187924e-07
1.010491587294382e-06
1.0794606168929022e-06
1.2492772611949476e-06
9.677347634351463e-07
9.062488857125572e-07
1.1419081147323595e-06
1.0029580153059214e-06
8.488959792884998e-07
9.896737083181506e-07
9.420501214663091e-07
1.0049936918221647e-06
1.0195105915045133e-06
9.977804893424036e-07
7.477769372599141e-07
9.51747551880544e-07
1.0006027650888427e-06
9.572028147886158e-07
9.844668511505006e-07
8.707398819751688e-07
1.0155387144550332e-06
1.018051989376545e-06
9.278075481233827e-07
9.405617333868577e-07
8.385987371184456e-07
8.186837590073992e-07
8.585537329963699e-07
9.229274269273446e-07
8.231767765209952e-07
1.0191489536737208e-06
9.176777666652924e-07
1.037678771353967e-06
1.0143337476620218e-06
7.968545787662151e-07
1.0587719998511602e-06
9.438327879252029e-07
8.167181135831925e-07
9.011195061248145e-07
9.011201882458408e-07
8.978406640380854e-07
9.6232713531208e-07
9.847108231042512e-07
1.1518820883793524e-06
8.751096061132557e-07
9.906541436066618e-07
8.611013981862925e-07
8.8072840753739e-07
9.057180250238162e-07
9.215890486302669e-07
1.0195424238190753e-06
8.132259381454787e-07
9.099474027607357e-07
9.777119203135953e-07
8.040548777898948e-07
1.0008610615841462e-06
9.063901984518452e-07
1.0251383173454087e-06
1.2967029761057347e-06
1.2078131703674444e-06
9.513796612736769e-07
8.741172905502026e-07
9.122668416239321e-07
1.1336258012306644e-06
7.899480465312081e-07
8.458419529233652e-07
9.772453495315858e-07
1.0040049573944998e-06
8.908139079721877e-07
8.608531061327085e-07
7.632297638338059e-07
9.736895663081668e-07
9.278866173190181e-07
7.767393412905221e-07
8.209640895984194e-07
9.927341579896165e-07
7.8807727277308e-07
9.061706691682048e-07
1.0781284345284803e-06
9.146218644673354e-07
8.418838888246682e-07
9.178295385936508e-07
9.292716640629806e-07
1.0579567515378585e-06
9.454274163545051e-07
8.831077025206469e-07
8.250826795119792e-07
9.072456350622815e-07
8.186713102986687e-07
8.784358556113148e-07
8.487788250022277e-07
8.23760444745858e-07
9.410199481862946e-07
8.739898476051167e-07
8.235825816882425e-07
8.568055136493058e-07
9.097660722545697e-07
8.919321317080176e-07
9.201043553730415e-07
8.117766014947847e-07
8.642744546705217e-07
8.534578341823362e-07
9.453194707020884e-07
9.228232897839916e-07
8.362156336261251e-07
1.0244691566185793e-06
9.205029982695123e-07
1.0138007837667828e-06
9.524952702122391e-07
8.17376189843344e-07
9.792356649995781e-07
8.322354005940724e-07
9.151885365099588e-07
9.163593404082349e-07
8.43158545649203e-07
9.162607739199302e-07
7.939186730254733e-07
8.782265012996504e-07
1.0669580206013052e-06
9.978305115510011e-07
8.930256854000618e-07
1.061589955497766e-06
9.59069893724518e-07
1.021776824927656e-06
7.054480875012814e-07
7.451333203789545e-07
8.377836593354004e-07
7.773131187605031e-07
1.0603753253235482e-06
8.571769285481423e-07
9.548530215397477e-07
9.399975624546641e-07
7.790621339154313e-07
1.0507632168810233e-06
9.59815565693134e-07
8.657070225126517e-07
9.724050187287503e-07
9.89125510386657e-07
8.553612929063092e-07
9.673156000644667e-07
8.114119509627926e-07
9.628440693632e-07
9.051839242602e-07
7.809566113792243e-07
1.0447869271956733e-06
8.181210660040961e-07
8.885768920663395e-07
9.864568255579798e-07
9.710539643492666e-07
8.690888080309378e-07
9.024353175846045e-07
1.030547650771041e-06
9.78330376710801e-07
8.031512379602646e-07
8.582266559642449e-07
1.0456367363076424e-06
8.393304256060219e-07
9.512418728263583e-07
1.010090159070387e-06
9.953751032298896e-07
9.181476912090147e-07
8.505124924340635e-07
1.0003340094044688e-06
9.624031918065157e-07
9.854804829956265e-07
9.060573233909963e-07
9.110492555919336e-07
9.875059276964748e-07
8.511071882821852e-07
8.334545213983802e-07
9.035687185132701e-07
7.953613589961606e-07
8.695047881701612e-07
9.463358878747385e-07
9.324493248641375e-07
9.079670917344629e-07
9.611289897293318e-07
9.93828052742174e-07
9.107693017540441e-07
8.737816301618295e-07
9.164562015939737e-07
7.087625704116363e-07
1.0433233228468453e-06
9.005823358165799e-07
9.85852693702327e-07
8.495012480125297e-07
9.046433433468337e-07
9.393051527695206e-07
1.0563767318672035e-06
8.170975434040884e-07
8.795252597337821e-07
8.532206834388489e-07
7.368504952864896e-07
8.585186606069328e-07
8.04932426490268e-07
9.85624865279533e-07
8.968085580818297e-07
8.078670816757949e-07
9.77206468633085e-07
8.413122145611851e-07
8.574319849685708e-07
9.479287541580561e-07
1.0182309324591188e-06
8.018070047910442e-07
8.289929951388331e-07
9.754179473020486e-07
9.98769451143744e-07
8.93372714472207e-07
9.513276495454193e-07
9.905713795888005e-07
1.0155330301131471e-06
1.100599774872535e-06
9.244670309271896e-07
9.258615705221018e-07
8.930811077334511e-07
1.1670509820760344e-06
9.504037734586746e-07
8.03005661964562e-07
8.606582468928536e-07
8.658943215777981e-07
8.180111308320193e-07
8.783866860540002e-07
8.983697057374229e-07
9.49453692555835e-07
8.22875051653682e-07
1.143444251283654e-06
9.506550213700393e-07
9.651480468164664e-07
8.430908451373398e-07
1.0836211004061624e-06
8.536571840522811e-07
7.357705271715531e-07
9.64707169259782e-07
9.351888934361341e-07
8.089681386991288e-07
1.0914217227764311e-06
8.232872801272606e-07
8.810258123048698e-07
8.593812594881456e-07
8.536499080946669e-07
9.892030448099831e-07
1.1558354344742838e-06
9.877192042040406e-07
9.097722113438067e-07
8.737579832995834e-07
7.653709985788737e-07
9.94292349787429e-07
9.422005291526148e-07
9.024095675158605e-07
8.597943406130071e-07
8.718797062101658e-07
8.509354643138067e-07
8.476555422021192e-07
7.372169079644664e-07
1.000235556603002e-06
9.297768883698154e-07
8.871904810803244e-07
9.312857400800567e-07
7.737652367723058e-07
1.0886508334806422e-06
8.638526196591556e-07
8.192016025532212e-07
8.373069704248337e-07
9.561765637045028e-07
1.0474561804585392e-06
1.1384622666810174e-06
1.0002356702898396e-06
8.971975375970942e-07
8.421017128057429e-07
9.344700515612203e-07
9.572069075147738e-07
7.459514677066181e-07
9.790653621166712e-07
9.14894030756841e-07
8.15204032278416e-07
8.973453304861323e-07
9.977454737963853e-07
8.82746235220111e-07
9.639707059250213e-07
8.730315812499612e-07
9.424033464711101e-07
8.23318544007634e-07
1.0835923376362189e-06
7.592599331474048e-07
1.0853963203771855e-06
9.972781072065118e-07
1.0259207101626089e-06
1.0847267049030052e-06
8.923177006181504e-07
7.400669232993096e-07
8.363767847185954e-07
1.0248634225717979e-06
1.092041657102527e-06
8.374498179364309e-07
9.178813797916519e-07
8.07926653578761e-07
8.220253562285507e-07
1.0236475418423652e-06
9.059806416189531e-07
9.996965673053637e-07
8.702866693965916e-07
8.426241606684926e-07
9.633959052735008e-07
9.424838935956359e-07
9.038728876475943e-07
8.855575970301288e-07
8.93886465291871e-07
8.811609859549208e-07
9.304391141995438e-07
9.375150966661749e-07
9.180113238471677e-07
1.0943025472442969e-06
9.0203735680916e-07
9.588596867615706e-07
7.586579613416689e-07
1.0023658205682295e-06
1.1391761063350714e-06
8.5876729372103e-07
8.485087050758011e-07
9.301768955083389e-07
8.85326358002203e-07
1.0412869642095757e-06
8.629419880890055e-07
9.72757561612525e-07
7.230173650896177e-07
7.391117264887725e-07
8.296169653476682e-07
