--name:
20221007_1609

--notes:


--controlled system:
False

--lyapunov correction:
False

--learning rate:
0.01

--number of epoches:
20

--number of batches:
100

--number of samples per batch:
1000

--Losses:
0.913175106048584
0.8682799339294434
0.8714185953140259
0.9426807165145874
0.8834285140037537
0.8562817573547363
0.9041721820831299
0.8226215243339539
0.8783955574035645
0.8548057079315186
0.8469102382659912
0.832181453704834
0.8086129426956177
0.8796495795249939
0.752667248249054
0.8251248002052307
0.8186235427856445
0.788341224193573
0.8219215273857117
0.7561874985694885
0.7775796055793762
0.778070330619812
0.7687621712684631
0.7684326767921448
0.7913399934768677
0.7634293437004089
0.7290524840354919
0.7567991018295288
0.7334700226783752
0.7626441121101379
0.7482103705406189
0.76053386926651
0.7462504506111145
0.7456974387168884
0.7297370433807373
0.735456109046936
0.7287523746490479
0.7442004680633545
0.7407010793685913
0.7351588606834412
0.7019031047821045
0.7122496962547302
0.6799591779708862
0.6988540291786194
0.6991046071052551
0.6996809840202332
0.6988011002540588
0.7012944221496582
0.6679015159606934
0.6269790530204773
0.7074318528175354
0.6762117147445679
0.6666399240493774
0.667854905128479
0.6851688027381897
0.6397591233253479
0.674541175365448
0.6802982091903687
0.656279444694519
0.6630174517631531
0.6734777092933655
0.6362507343292236
0.6335365772247314
0.6253219842910767
0.6447329521179199
0.6353775262832642
0.5880213379859924
0.6318820118904114
0.5906818509101868
0.6063150763511658
0.6649011373519897
0.5908957719802856
0.6635870933532715
0.5822892189025879
0.6086521744728088
0.6245884895324707
0.6321909427642822
0.5691856741905212
0.5763631463050842
0.5866895914077759
0.6052067875862122
0.6075515747070312
0.59292072057724
0.5941638350486755
0.6069235801696777
0.5744394659996033
0.5621124505996704
0.6018739342689514
0.5707640051841736
0.5799328088760376
0.5788986682891846
0.574464738368988
0.5789728164672852
0.6026593446731567
0.563671350479126
0.5500068068504333
0.5690556764602661
0.5725173950195312
0.5458747744560242
0.5625510811805725
0.5679764747619629
0.5408526062965393
0.5423396825790405
0.5799323320388794
0.5533913969993591
0.5472767949104309
0.5715847015380859
0.5259183049201965
0.5466150045394897
0.5354935526847839
0.5393844842910767
0.5402442812919617
0.5239861011505127
0.5696799755096436
0.4963056147098541
0.5318766832351685
0.5394837260246277
0.5279557704925537
0.5341771245002747
0.5044333934783936
0.523888111114502
0.5099872350692749
0.5171769857406616
0.5046395063400269
0.5378319621086121
0.5221800804138184
0.49102678894996643
0.5112010836601257
0.49798262119293213
0.5068495869636536
0.5073589086532593
0.5229460597038269
0.5118619799613953
0.5197665095329285
0.5024962425231934
0.5079914331436157
0.5057641863822937
0.5126811861991882
0.5199112892150879
0.5019627213478088
0.4885667562484741
0.49514439702033997
0.47507596015930176
0.49248799681663513
0.5004329085350037
0.49753978848457336
0.49228623509407043
0.5056118369102478
0.47614356875419617
0.4547036290168762
0.5055422186851501
0.49214500188827515
0.482914000749588
0.4788999855518341
0.4927634596824646
0.4648435413837433
0.4913543462753296
0.5045849680900574
0.4850163161754608
0.4814337491989136
0.4816265404224396
0.463138222694397
0.46770620346069336
0.46292296051979065
0.4856356084346771
0.47303691506385803
0.44397780299186707
0.4727555513381958
0.4472971260547638
0.4535987973213196
0.5048048496246338
0.4485209584236145
0.5036037564277649
0.4500957131385803
0.4687063992023468
0.4733034074306488
0.4817480146884918
0.4395468235015869
0.4423893392086029
0.44910213351249695
0.46880042552948
0.4645504355430603
0.45189887285232544
0.46052029728889465
0.47300031781196594
0.44478267431259155
0.43959841132164
0.46345165371894836
0.4519686996936798
0.4585910141468048
0.4487648010253906
0.4471665620803833
0.4492959976196289
0.47324055433273315
0.4419102668762207
0.44263312220573425
0.455174058675766
0.45526066422462463
0.4437198340892792
0.44144150614738464
0.4532056450843811
0.43701064586639404
0.43377524614334106
0.45992177724838257
0.44417062401771545
0.4475852847099304
0.4612695872783661
0.4327804148197174
0.4368347227573395
0.4299875795841217
0.43829837441444397
0.4440865218639374
0.43100205063819885
0.46443691849708557
0.41274362802505493
0.43226465582847595
0.44512686133384705
0.44222065806388855
0.4359463155269623
0.4234951436519623
0.43872711062431335
0.42271220684051514
0.43408504128456116
0.417318195104599
0.451070636510849
0.4417399764060974
0.41128793358802795
0.4272787868976593
0.4178433418273926
0.42036348581314087
0.4254414737224579
0.4403495490550995
0.4292145371437073
0.44216129183769226
0.42347848415374756
0.4300468862056732
0.4285188317298889
0.43094179034233093
0.44194161891937256
0.41963016986846924
0.41438865661621094
0.4195724129676819
0.4038814902305603
0.41919445991516113
0.43083006143569946
0.4270981550216675
0.4182302951812744
0.436046838760376
0.40887412428855896
0.39574459195137024
0.43433576822280884
0.42514559626579285
0.4175035059452057
0.4106470048427582
0.42339882254600525
0.40420088171958923
0.42457684874534607
0.4392431974411011
0.423937052488327
0.4152810871601105
0.410695344209671
0.39997807145118713
0.4074661433696747
0.40344932675361633
0.4261411726474762
0.4129951298236847
0.39259374141693115
0.41367343068122864
0.3952310383319855
0.3969951272010803
0.4431341886520386
0.3958244323730469
0.4418604373931885
0.4018222987651825
0.4166010320186615
0.4145747125148773
0.42459577322006226
0.39156460762023926
0.3929409086704254
0.39785027503967285
0.415970116853714
0.408311665058136
0.39736098051071167
0.40901169180870056
0.42063233256340027
0.39560291171073914
0.39278000593185425
0.40888887643814087
0.4067104458808899
0.41115039587020874
0.39690181612968445
0.39653652906417847
0.39758092164993286
0.4212701618671417
0.39401111006736755
0.40172794461250305
0.41006430983543396
0.4081372916698456
0.40327924489974976
0.3942262530326843
0.4056861400604248
0.3961012661457062
0.38972848653793335
0.4118139445781708
0.3998797535896301
0.40759098529815674
0.4159678518772125
0.39636391401290894
0.39248061180114746
0.3872185945510864
0.3974631428718567
0.40456146001815796
0.3932056128978729
0.42038437724113464
0.3784477114677429
0.39053744077682495
0.40546926856040955
0.4067038297653198
0.39451050758361816
0.39085128903388977
0.40267112851142883
0.3873673975467682
0.39942219853401184
0.3815794885158539
0.4137214720249176
0.4074418544769287
0.3778083920478821
0.3914463222026825
0.3837873637676239
0.38406750559806824
0.3907698690891266
0.4042341709136963
0.39249715209007263
0.40836504101753235
0.38887378573417664
0.3966118097305298
0.39503014087677
0.39498674869537354
0.4072653353214264
0.3839132487773895
0.3820752501487732
0.3870064914226532
0.3728260397911072
0.3862224817276001
0.39953017234802246
0.3961237370967865
0.38520684838294983
0.40460702776908875
0.37914949655532837
0.3695128262042999
0.40315642952919006
0.3941078186035156
0.38774484395980835
0.37978070974349976
0.3916942775249481
0.37738627195358276
0.393724650144577
0.4081127941608429
0.3960696756839752
0.38480544090270996
0.3783325254917145
0.3710232973098755
0.3797298073768616
0.37574175000190735
0.3974563777446747
0.3850020468235016
0.3688197135925293
0.3858499526977539
0.370998740196228
0.3705143928527832
0.4130801558494568
0.37088194489479065
0.4115305542945862
0.37896308302879333
0.3916715979576111
0.38575783371925354
0.3971292972564697
0.3683187961578369
0.36962610483169556
0.3732689917087555
0.39000263810157776
0.38064131140708923
0.3710445463657379
0.38376110792160034
0.3944721221923828
0.37186330556869507
0.36967599391937256
0.3821403682231903
0.38432636857032776
0.3871074616909027
0.37085989117622375
0.37096846103668213
0.37173768877983093
0.3951953947544098
0.37031030654907227
0.3812890946865082
0.38735342025756836
0.3839936852455139
0.3823757767677307
0.37132737040519714
0.3806273937225342
0.37514418363571167
0.36722293496131897
0.3879104256629944
0.37735944986343384
0.3869090974330902
0.3924199044704437
0.37771692872047424
0.3700624704360962
0.36543089151382446
0.3766951560974121
0.3837740123271942
0.3735649585723877
0.3973773419857025
0.3602125942707062
0.3687218427658081
0.3844941258430481
0.3877875804901123
0.37271469831466675
0.3737674653530121
0.3831765353679657
0.36901625990867615
0.3807743191719055
0.36313164234161377
0.3934074342250824
0.3884812891483307
0.35995060205459595
0.3722662627696991
0.3655811548233032
0.3649263083934784
0.37239527702331543
0.3843982219696045
0.3721106946468353
0.389704167842865
0.36988529562950134
0.37860578298568726
0.37693023681640625
0.37542724609375
0.3880329728126526
0.3650089502334595
0.3645276725292206
0.36970585584640503
0.3559027314186096
0.3676741123199463
0.3816791772842407
0.3790368139743805
0.36714640259742737
0.3868091106414795
0.3627530038356781
0.35445863008499146
0.38635823130607605
0.3762357234954834
0.37074723839759827
0.3626089096069336
0.37364962697029114
0.36238372325897217
0.3760974407196045
0.3897446393966675
0.3801320493221283
0.3674580752849579
0.36054787039756775
0.35474318265914917
0.3639404773712158
0.3597799837589264
0.38032540678977966
0.3690439760684967
0.3549213111400604
0.36977875232696533
0.35697975754737854
0.35537245869636536
0.3953263759613037
0.3563373386859894
0.3933846056461334
0.36544710397720337
0.37695443630218506
0.36867833137512207
0.381104975938797
0.35421431064605713
0.35608434677124023
0.35868728160858154
0.3745569586753845
0.3643924593925476
0.3558681905269623
0.3687402606010437
0.3786194920539856
0.35791653394699097
0.35567551851272583
0.36655229330062866
0.3706899583339691
0.372239351272583
0.35522714257240295
0.3554469347000122
0.3563673198223114
0.3796815872192383
0.3562846779823303
0.3686525523662567
0.37360942363739014
0.3691661059856415
0.36920544505119324
0.3581208884716034
0.36490437388420105
0.36208826303482056
0.35359540581703186
0.3739047050476074
0.36380720138549805
0.37403303384780884
0.3778999149799347
0.36606210470199585
0.35663941502571106
0.35227516293525696
0.3641911745071411
0.3707504868507385
0.3614056408405304
0.38329237699508667
0.34860759973526
0.3553512990474701
0.37147024273872375
0.3758194148540497
0.35931432247161865
0.3630357086658478
0.37075647711753845
0.35761669278144836
0.368852436542511
0.35189369320869446
0.38049498200416565
0.3760727047920227
0.3487410545349121
0.36032214760780334
0.3542090058326721
0.35307538509368896
0.3610488176345825
0.37173011898994446
0.35903090238571167
0.3776994049549103
0.3578375279903412
0.36732056736946106
0.3656395375728607
0.3631765842437744
0.3757396340370178
0.35355904698371887
0.35353219509124756
0.3591374158859253
0.34525036811828613
0.3556573987007141
0.36990886926651
0.3681349754333496
0.3558651804924011
0.37522193789482117
0.3523360788822174
0.3444198668003082
0.37598761916160583
0.3644900619983673
0.3596005439758301
0.35171449184417725
0.36187392473220825
0.3526754379272461
0.3646397292613983
0.3774637281894684
0.3696935176849365
0.35621368885040283
0.3495536744594574
0.34436842799186707
0.35372546315193176
0.34934645891189575
0.3687790036201477
0.3587890565395355
0.34564009308815
0.35931405425071716
0.34779423475265503
0.3456236720085144
0.38359951972961426
0.34679606556892395
0.38122180104255676
0.3564184904098511
0.36718833446502686
0.35739654302597046
0.37066206336021423
0.344558447599411
0.3472357988357544
0.34894585609436035
0.3643335700035095
0.3538346290588379
0.34616774320602417
0.3587817847728729
0.36793261766433716
0.3487798273563385
0.3461962938308716
0.35650888085365295
0.3614155948162079
0.36204078793525696
0.3448587954044342
0.34501999616622925
0.3462856709957123
0.36952418088912964
0.3471134305000305
0.3599485158920288
0.3644217848777771
0.35914644598960876
0.3600524663925171
0.34971505403518677
0.3541047275066376
0.3531205654144287
0.34456589818000793
0.3648923635482788
0.3548707962036133
0.36523377895355225
0.3681075870990753
0.3580417335033417
0.34781110286712646
0.3435690999031067
0.3559720814228058
0.3618452250957489
0.3531966805458069
0.3738992512226105
0.3405628502368927
0.3464261293411255
0.3626928925514221
0.36760008335113525
0.35036683082580566
0.3556938171386719
0.362197607755661
0.3498673737049103
0.3605858087539673
0.34444716572761536
0.37163734436035156
0.367308109998703
0.34112855792045593
0.3523106873035431
0.3465399742126465
0.3451041281223297
0.3534899950027466
0.36301010847091675
0.3500155806541443
0.3694058358669281
0.3496476113796234
0.35970398783683777
0.35809966921806335
0.35493022203445435
0.3673168420791626
0.34611618518829346
0.3461529016494751
0.35221534967422485
0.33806705474853516
0.3473246693611145
0.3616254925727844
0.36068230867385864
0.34832653403282166
0.3671671450138092
0.34526076912879944
0.33730411529541016
0.3691349923610687
0.3562740683555603
0.3518174886703491
0.34434211254119873
0.35366418957710266
0.34597304463386536
0.3567264676094055
0.36876553297042847
0.3624271750450134
0.34845802187919617
0.342343270778656
0.33735233545303345
0.3467150032520294
0.34211835265159607
0.36056700348854065
0.3518252670764923
0.339094877243042
0.3521154820919037
0.34145188331604004
0.33899688720703125
0.37542861700057983
0.3402160704135895
0.3726159930229187
0.35008397698402405
0.36038026213645935
0.34955188632011414
0.36351075768470764
0.33762097358703613
0.34116029739379883
0.34209752082824707
0.357232004404068
0.346638560295105
0.3396638333797455
0.35184910893440247
0.36037304997444153
0.34250974655151367
0.33947038650512695
0.3497171103954315
0.35482078790664673
0.3547370731830597
0.33765438199043274
0.3376827836036682
0.3393613398075104
0.3625669777393341
0.3408382534980774
0.35370326042175293
0.35800525546073914
0.35208937525749207
0.3534468710422516
0.3441210091114044
0.34638166427612305
0.3467242121696472
0.3383437395095825
0.3588291108608246
0.3487294614315033
0.3589930236339569
0.3612377345561981
0.35232922434806824
0.3417460024356842
0.3375670611858368
0.35037168860435486
0.3555353879928589
0.347465842962265
0.3673802614212036
0.33480408787727356
0.34022724628448486
0.3565658628940582
0.36177751421928406
0.34416458010673523
0.3505212962627411
0.3561149537563324
0.3444046080112457
0.35467615723609924
0.33934304118156433
0.3653653860092163
0.36094143986701965
0.335798978805542
0.34677308797836304
0.3412066400051117
0.3395445644855499
0.3482980728149414
0.3568078577518463
0.3436006009578705
0.3635156452655792
0.3439265489578247
0.35440778732299805
0.3529336750507355
0.3491944670677185
0.3613705039024353
0.34112241864204407
0.3410659432411194
0.34755173325538635
0.33309027552604675
0.3413749635219574
0.3556479513645172
0.3554455637931824
0.3431338667869568
0.36141446232795715
0.34032705426216125
0.33216506242752075
0.36447638273239136
0.35037124156951904
0.346248060464859
0.33921247720718384
0.3477717339992523
0.34123823046684265
0.35112038254737854
0.3624500632286072
0.357248455286026
0.3429635763168335
0.3374919295310974
0.33249127864837646
0.3417893350124359
0.3369906544685364
0.354595422744751
0.3469932973384857
0.3343971073627472
0.34705260396003723
0.33699727058410645
0.33439600467681885
0.3695935308933258
0.335600346326828
0.366371214389801
0.34557023644447327
0.3555517792701721
0.34396880865097046
0.3585192561149597
0.332554429769516
0.3369211256504059
0.3371905982494354
0.3521994352340698
0.3416305184364319
0.3352186381816864
0.34692415595054626
0.35491353273391724
0.3381374180316925
0.3346124291419983
0.345024973154068
0.3500587046146393
0.34941816329956055
0.3325432240962982
0.3324125409126282
0.3345073461532593
0.35770556330680847
0.3364643454551697
0.34916695952415466
0.35344427824020386
0.3470348119735718
0.34861934185028076
0.3403380811214447
0.34075817465782166
0.34210532903671265
0.33399060368537903
0.354670912027359
0.3444359302520752
0.35450923442840576
0.3563371002674103
0.348224014043808
0.33749958872795105
0.33335965871810913
0.3465127646923065
0.35100558400154114
0.34342432022094727
0.362772673368454
0.3306390941143036
0.3358440101146698
0.3522286117076874
0.35761237144470215
0.3397948145866394
0.34685468673706055
0.3517443537712097
0.34050387144088745
0.35040998458862305
0.33580759167671204
0.3608681559562683
0.35627281665802
0.3320317566394806
0.3429059684276581
0.3374595046043396
0.33560872077941895
0.34469661116600037
0.3523319959640503
0.3389683961868286
0.3592921197414398
0.3398934602737427
0.350687175989151
0.34937161207199097
0.3451458215713501
0.35711777210235596
0.33773091435432434
0.3375309109687805
0.34438398480415344
0.3296125829219818
0.3370712995529175
0.3512932062149048
0.3517298698425293
0.33951032161712646
0.35725992918014526
0.33685675263404846
0.32844072580337524
0.36127862334251404
0.34607869386672974
0.3422255516052246
0.33560284972190857
0.3434849977493286
0.33787277340888977
0.3471064567565918
0.3578103184700012
0.3535255491733551
0.3390251398086548
0.3341985046863556
0.32909420132637024
0.3382987976074219
0.33331793546676636
0.3502086400985718
0.34361764788627625
0.3310123383998871
0.34346142411231995
0.3338596820831299
0.3311801850795746
0.36537402868270874
0.3323507308959961
0.3617783486843109
0.34234458208084106
0.3521110713481903
0.33994928002357483
0.35501429438591003
0.3288349211215973
0.33395683765411377
0.3336508274078369
0.34860336780548096
0.33811402320861816
0.3321625590324402
0.34339529275894165
0.35093116760253906
0.3350783884525299
0.3310796022415161
0.34175392985343933
0.34660372138023376
0.34551647305488586
0.3288808763027191
0.3285883963108063
0.3310726583003998
0.3542782664299011
0.3333944082260132
0.34586361050605774
0.3501792252063751
0.34338831901550293
0.3450770974159241
0.3377739489078522
0.3366242051124573
0.3387587368488312
0.33092954754829407
0.35179799795150757
0.3414139747619629
0.3512747287750244
0.35281461477279663
0.34527331590652466
0.33450227975845337
0.33039164543151855
0.34385305643081665
0.3477383852005005
0.3405712842941284
0.3594866991043091
0.327618271112442
0.3327173590660095
0.349141925573349
0.3546265661716461
0.33669397234916687
0.34426161646842957
0.3485921323299408
0.3377072513103485
0.34732210636138916
0.33335763216018677
0.35762614011764526
0.35283714532852173
0.3293651044368744
0.3402000367641449
0.33482202887535095
0.3328050673007965
0.34219613671302795
0.34907785058021545
0.33559650182724
0.35625454783439636
0.3370448052883148
0.3480677604675293
0.3469211161136627
0.3422676920890808
0.3540574014186859
0.3354218900203705
0.3350743353366852
0.3422357738018036
0.32718056440353394
0.3339369595050812
0.3481070101261139
0.34908607602119446
0.3369682729244232
0.35424360632896423
0.3344120979309082
0.32574471831321716
0.35908159613609314
0.3429361879825592
0.33930912613868713
0.3330521285533905
0.34034237265586853
0.3354809582233429
0.3442184031009674
0.3543771803379059
0.35084015130996704
0.3361855745315552
0.3319619297981262
0.32671570777893066
0.33581867814064026
0.3306763172149658
0.34696632623672485
0.3412582576274872
0.3285749554634094
0.34090638160705566
0.3316557705402374
0.3289312720298767
0.36229899525642395
0.3300668001174927
0.35837000608444214
0.3400425910949707
0.34965914487838745
0.33703553676605225
0.3525518774986267
0.3260987401008606
0.33189138770103455
0.3310907781124115
0.34602391719818115
0.3356359302997589
0.3300626277923584
0.34085613489151
0.34800848364830017
0.33294254541397095
0.3285019099712372
0.3394661545753479
0.3440934121608734
0.34264200925827026
0.32624197006225586
0.3257961571216583
0.328631192445755
0.35185229778289795
0.3312356173992157
0.3434583842754364
0.3478344976902008
0.3407478332519531
0.3424735963344574
0.33604514598846436
0.33356520533561707
0.33633214235305786
0.32877564430236816
0.3498099446296692
0.33928224444389343
0.3489386737346649
0.3502722382545471
0.3431573510169983
0.33237913250923157
0.3282938003540039
0.3420293629169464
0.3453775942325592
0.3385624587535858
0.35713136196136475
0.3254258930683136
0.33047616481781006
0.3469408452510834
0.3524869680404663
0.3344861567020416
0.34243735671043396
0.3463153541088104
0.3357003331184387
0.345086008310318
0.3316672444343567
0.35528257489204407
0.3503032326698303
0.3274807929992676
0.33830979466438293
0.33296898007392883
0.33080244064331055
0.3404659628868103
0.3467000424861908
0.33312809467315674
0.35406801104545593
0.33503493666648865
0.34622564911842346
0.3452470898628235
0.34021350741386414
0.35184672474861145
0.333854615688324
0.33337390422821045
0.3407898247241974
0.32548433542251587
0.3316432535648346
0.34576886892318726
0.3472045660018921
0.3351817727088928
0.35204607248306274
0.33269262313842773
0.32379698753356934
0.3575778305530548
0.3406241238117218
0.33719003200531006
0.3312474489212036
0.33802536129951477
0.33378490805625916
0.34213441610336304
0.35182222723960876
0.34889987111091614
0.33413055539131165
0.33045053482055664
0.32505255937576294
0.3340560495853424
0.32877177000045776
0.3445577025413513
0.33961352705955505
0.3268226683139801
0.3390868604183197
0.3301156461238861
0.3273622691631317
0.36004433035850525
0.32846808433532715
0.35582202672958374
0.33840399980545044
0.34791430830955505
0.3349124491214752
0.3508254885673523
0.32408252358436584
0.33046144247055054
0.3292367458343506
0.3441697359085083
0.3338877260684967
0.32862624526023865
0.3390243649482727
0.345852792263031
0.3314583897590637
0.3266165256500244
0.3378655016422272
0.34226810932159424
0.3405162990093231
0.3243330121040344
0.32374733686447144
0.32689130306243896
0.35013195872306824
0.3297182023525238
0.34170791506767273
0.3461478352546692
0.3388305902481079
0.3405570387840271
0.3348919153213501
0.3312886655330658
0.3345722258090973
0.3272620439529419
0.3484366834163666
0.33777832984924316
0.347250759601593
0.3484317362308502
0.34164437651634216
0.3308733105659485
0.3268111050128937
0.3407900035381317
0.3436698317527771
0.33715391159057617
0.35543709993362427
0.3238341212272644
0.3288643956184387
0.3453703224658966
0.35095539689064026
0.33291158080101013
0.3411625921726227
0.3446694612503052
0.33426007628440857
0.3434663712978363
0.3305095434188843
0.3535848557949066
0.34842994809150696
0.3261534571647644
0.33699437975883484
0.33167171478271484
0.32937008142471313
0.33927613496780396
0.3449552655220032
0.3313121497631073
0.3524937331676483
0.3336203694343567
0.3449341058731079
0.3441154956817627
0.3387439250946045
0.3502452075481415
0.3327987790107727
0.33220458030700684
0.3398286700248718
0.3243069350719452
0.32995763421058655
0.34404823184013367
0.34586670994758606
0.3339265286922455
0.3504403233528137
0.33148694038391113
0.3223922848701477
0.3565561771392822
0.3389153480529785
0.33564722537994385
0.32997119426727295
0.3363083004951477
0.3325861096382141
0.34062740206718445
0.3499101996421814
0.34749600291252136
0.3326389491558075
0.32943886518478394
0.32389333844184875
0.33280420303344727
0.3273961842060089
0.3427593410015106
0.33847224712371826
0.3255651593208313
0.33779117465019226
0.3290465772151947
0.3262724280357361
0.3583822250366211
0.32735517621040344
0.3539039194583893
0.33724135160446167
0.34667539596557617
0.33335840702056885
0.3496195077896118
0.32259365916252136
0.32947999238967896
0.3278924822807312
0.34283486008644104
0.332654744386673
0.3276512026786804
0.33770012855529785
0.34425535798072815
0.33043384552001953
0.32523399591445923
0.336747407913208
0.3409397006034851
0.33893805742263794
0.32294753193855286
0.32223692536354065
0.32564955949783325
0.34891125559806824
0.3286536931991577
0.3404339551925659
0.34493306279182434
0.3374350368976593
0.3391432464122772
0.3341353237628937
0.3295848071575165
0.33329513669013977
0.32620126008987427
0.3474920988082886
0.33671852946281433
0.34603041410446167
0.347095787525177
0.34056562185287476
0.3298049569129944
0.32576441764831543
0.339958131313324
0.3424331843852997
0.3361716568470001
0.3542148470878601
0.3226776421070099
0.32770225405693054
0.34424978494644165
0.34986037015914917
0.3317876160144806
0.3402787744998932
0.3434784710407257
0.33322665095329285
0.34229281544685364
0.3297246992588043
0.35235267877578735
0.3470408022403717
0.3252221941947937
0.3360837697982788
0.330767959356308
0.32834482192993164
0.3384649157524109
0.34366950392723083
0.3299696743488312
0.35135990381240845
0.3326282203197479
0.3440321087837219
0.34336161613464355
0.3376905620098114
0.34908175468444824
0.3320957124233246
0.3314075767993927
0.33920153975486755
0.3234950006008148
0.3287135064601898
0.34277763962745667
0.34491682052612305
0.3330458700656891
0.3492632806301117
0.3306451439857483
0.32138049602508545
0.35586947202682495
0.33764639496803284
0.33452171087265015
0.32906970381736755
0.33502912521362305
0.33174189925193787
0.33953529596328735
0.34847110509872437
0.34647879004478455
0.33155304193496704
0.3287714123725891
0.323089063167572
0.33191627264022827
0.3264009654521942
0.3414093852043152
0.33768534660339355
0.3246641159057617
0.33686891198158264
0.32831069827079773
0.325519859790802
0.3571501672267914
0.3265857696533203
0.3524501323699951
0.33641907572746277
0.3457978367805481
0.3322157859802246
0.3487810790538788
0.32149097323417664
0.3288138210773468
0.32691627740859985
0.3418724536895752
0.33178630471229553
0.32699674367904663
0.33674076199531555
0.3430655300617218
0.3297327756881714
0.32421720027923584
0.3359687626361847
0.3399716317653656
0.337760865688324
0.3219386041164398
0.32111817598342896
0.3247624635696411
0.3480451703071594
0.3279091417789459
0.3395061194896698
0.34405702352523804
0.3364165127277374
0.33809736371040344
0.33365100622177124
0.3283020257949829
0.33236753940582275
0.3254605531692505
0.3468467593193054
0.33597320318222046
0.3451475203037262
0.34612351655960083
0.33979856967926025
0.32904738187789917
0.3250269591808319
0.33940938115119934
0.3415365219116211
0.3354910910129547
0.35333096981048584
0.3218364119529724
0.32686224579811096
0.34345051646232605
0.34907832741737366
0.3309849500656128
0.3396715819835663
0.34261569380760193
0.33248525857925415
0.34144172072410583
0.3291999399662018
0.35145634412765503
0.34600672125816345
0.32457202672958374
0.33545786142349243
0.3301423490047455
0.3276106119155884
0.33791816234588623
0.3427177667617798
0.328972190618515
0.35054299235343933
0.3319353461265564
0.343405544757843
0.34286946058273315
0.33693447709083557
0.348234087228775
0.3316355347633362
0.3308708667755127
0.33880338072776794
0.3229399025440216
0.3277910351753235
0.3418358266353607
0.3442435562610626
0.33242958784103394
0.34839746356010437
0.33006060123443604
0.32065242528915405
0.3554149866104126
0.33669936656951904
0.33369845151901245
0.3284342885017395
0.33407101035118103
0.331150084733963
0.33874207735061646
0.3473813831806183
0.3457404375076294
0.3307601511478424
0.32834041118621826
0.32253462076187134
0.33128756284713745
0.3256795406341553
0.34039023518562317
0.3371472954750061
0.32401931285858154
0.33621296286582947
0.32780933380126953
0.32500430941581726
0.3562318682670593
0.3260584771633148
0.3513405919075012
0.3358396589756012
0.3451780378818512
0.3313716650009155
0.3482019305229187
0.3206713795661926
0.328368216753006
0.32620617747306824
0.34117764234542847
0.331175833940506
0.3265642523765564
0.33604419231414795
0.3421746492385864
0.32925844192504883
0.32346683740615845
0.33542895317077637
0.33926478028297424
0.33687853813171387
0.3212015628814697
0.32028529047966003
0.32412829995155334
0.34743109345436096
0.32739055156707764
0.33882954716682434
0.3434244990348816
0.33567091822624207
0.337321013212204
0.3333521783351898
0.3273302912712097
0.33169281482696533
0.32494592666625977
0.3464098870754242
0.33545050024986267
0.3445080816745758
0.34541377425193787
0.3392547070980072
0.32851070165634155
0.32450881600379944
0.3390561044216156
0.3408852815628052
0.3350234627723694
0.3526900112628937
0.32122349739074707
0.3262537717819214
0.3428807556629181
0.34852051734924316
0.3304116427898407
0.33925941586494446
0.3419896960258484
0.33195337653160095
0.3408236801624298
0.3288556635379791
0.3508027493953705
0.345233678817749
0.32412078976631165
0.3350316882133484
0.3297126591205597
0.32708466053009033
0.337555468082428
0.34200987219810486
0.32822707295417786
0.3499540686607361
0.3314541280269623
0.3429732918739319
0.3425574004650116
0.3363909423351288
0.3476146459579468
0.3313419222831726
0.33051520586013794
0.33856090903282166
0.32256460189819336
0.3271036148071289
0.3411346673965454
0.343767374753952
0.3319999575614929
0.34775808453559875
0.3296574652194977
0.3201286792755127
0.35512059926986694
0.33598870038986206
0.3330945670604706
0.3279874920845032
0.3333490788936615
0.33073723316192627
0.33816462755203247
0.34655097126960754
0.3452034294605255
0.33017921447753906
0.3280707597732544
0.32215559482574463
0.3308432698249817
0.3251555263996124
0.3396160304546356
0.3367834985256195
0.3235584795475006
0.33574697375297546
0.3274722993373871
0.32465478777885437
0.3555433750152588
0.3257010579109192
0.35048770904541016
0.3354330360889435
0.3447416126728058
0.33074501156806946
0.34780508279800415
0.32005956768989563
0.3280758261680603
0.3256884217262268
0.3406751751899719
0.3307479918003082
0.326284795999527
0.3355371356010437
0.341503769159317
0.328942209482193
0.322910875082016
0.33505699038505554
0.33874741196632385
0.33621343970298767
0.3206612169742584
0.3196618854999542
0.3236748278141022
0.3469961881637573
0.3270312547683716
0.3383352756500244
0.3429671823978424
0.3351232409477234
0.33674219250679016
0.3331786096096039
0.3265893757343292
0.33120113611221313
0.32459065318107605
0.34611812233924866
0.33508533239364624
0.34404420852661133
0.34489405155181885
0.33887019753456116
0.3281310498714447
0.32414597272872925
0.33883655071258545
0.34041139483451843
0.3347053527832031
0.3522241413593292
0.32077595591545105
0.32581180334091187
0.3424748480319977
0.34812313318252563
0.33000218868255615
0.33898353576660156
0.34153473377227783
0.3315718472003937
0.340374231338501
0.3286357522010803
0.35032474994659424
0.34465283155441284
0.323809951543808
0.33474504947662354
0.3294205069541931
0.32670775055885315
0.3373200297355652
0.3414806127548218
0.3276672065258026
0.34952911734580994
0.3311222195625305
0.3426775634288788
0.34236806631088257
0.3359997570514679
0.3471604585647583
0.33116164803504944
0.3302847146987915
0.33842310309410095
0.322314590215683
0.32658863067626953
0.34060999751091003
0.3434314727783203
0.3317018449306488
0.3472839593887329
0.32938191294670105
0.319752037525177
0.3549358546733856
0.33545222878456116
0.3326500356197357
0.3276744484901428
0.33280184864997864
0.3304510712623596
0.33774304389953613
0.34591397643089294
0.34481191635131836
0.3297520577907562
0.3279103636741638
0.32189929485321045
0.33053019642829895
0.32477399706840515
0.3390241265296936
0.3365410566329956
0.32322952151298523
0.335416316986084
0.3272497057914734
0.3244210481643677
0.3550240695476532
0.325462281703949
0.3498275876045227
0.3351490795612335
0.34443560242652893
0.33027729392051697
0.3475360870361328
0.3196006417274475
0.32788923382759094
0.325310081243515
0.3403112590312958
0.33044934272766113
0.3261100649833679
0.33516716957092285
0.3409954309463501
0.3287356495857239
0.32249701023101807
0.3348028063774109
0.3383677005767822
0.3357091248035431
0.32026341557502747
0.3191925287246704
0.32335036993026733
0.3466886878013611
0.3267841339111328
0.337973415851593
0.34263595938682556
0.3347195088863373
0.3363087475299835
0.33308830857276917
0.32602065801620483
0.3308420479297638
0.3243473768234253
0.3459266722202301
0.33483144640922546
0.34370723366737366
0.34451204538345337
0.3385993242263794
0.32786306738853455
0.32389310002326965
0.33870765566825867
0.34006574749946594
0.33449187874794006
0.3518843650817871
0.3204483091831207
0.32548999786376953
0.34218600392341614
0.34784039855003357
0.3297097682952881
0.33880266547203064
0.3412032127380371
0.3312981128692627
0.34004655480384827
0.32850080728530884
0.3499740660190582
0.34421390295028687
0.32359781861305237
0.33455538749694824
0.329224556684494
0.3264375627040863
0.3371719419956207
0.3410826325416565
0.3272441029548645
0.34922221302986145
0.33089521527290344
0.34247756004333496
0.34226131439208984
0.33571791648864746
0.34682610630989075
0.33105769753456116
0.33014020323753357
0.3383547365665436
0.32215145230293274
0.32620057463645935
0.3402153551578522
0.34319522976875305
0.33149635791778564
0.346930593252182
0.32919561862945557
0.31948113441467285
0.35482561588287354
0.335044801235199
0.33232155442237854
0.3274560570716858
0.33238422870635986
0.3302541971206665
0.3374343514442444
0.3454218804836273
0.34452566504478455
0.32943665981292725
0.3278229534626007
0.32172849774360657
0.330310195684433
0.32449543476104736
0.3385685086250305
0.33638277649879456
0.3229949176311493
0.3351821303367615
0.327106237411499
0.3242676258087158
0.35462984442710876
0.32530587911605835
0.349312961101532
0.33495190739631653
0.34422191977500916
0.3299262523651123
0.34735623002052307
0.31925448775291443
0.32777491211891174
0.32503262162208557
0.34004706144332886
0.330241858959198
0.32600632309913635
0.3348962664604187
0.3406078517436981
0.3286046087741852
0.32218751311302185
0.33463093638420105
0.3380879759788513
0.33532434701919556
0.31996944546699524
0.3188370168209076
0.3231181800365448
0.3464716970920563
0.3266156017780304
0.33770751953125
0.3423956036567688
0.3344205617904663
0.3359823226928711
0.333052396774292
0.3255811333656311
0.3305789828300476
0.3241824805736542
0.3458043336868286
0.3346560299396515
0.3434617519378662
0.3442302346229553
0.3384092450141907
0.32767432928085327
0.32371786236763
0.33863934874534607
0.3398129940032959
0.33435115218162537
0.3516358733177185
0.3202076554298401
0.3252549171447754
0.34198057651519775
0.3476395308971405
0.3295010030269623
0.33868715167045593
0.3409610986709595
0.3311016261577606
0.3398072123527527
0.32842323184013367
0.3497159481048584
0.3438803255558014
0.3234547972679138
0.3344327509403229
0.3290954530239105
0.3262438476085663
0.33708322048187256
0.3407815992832184
0.326922208070755
0.3490001857280731
0.3307417631149292
0.34234419465065
0.34220921993255615
0.3355143964290619
0.34657901525497437
0.33100441098213196
0.33005404472351074
0.3383312225341797
0.32204797863960266
0.3259063959121704
0.33991673588752747
0.3430297374725342
0.33135586977005005
0.3466658592224121
0.32907164096832275
0.31928616762161255
0.3547651767730713
0.33473342657089233
0.3320777714252472
0.32730454206466675
0.3320634961128235
0.33012014627456665
0.3372074365615845
0.3450391888618469
0.3443157374858856
0.329202800989151
0.32778358459472656
0.32161691784858704
0.3301563262939453
0.324291467666626
0.33821535110473633
0.336282342672348
0.32282787561416626
0.33501654863357544
0.32701706886291504
0.3241696357727051
0.3543285131454468
0.3252062499523163
0.3489089608192444
0.3348160684108734
0.344073623418808
0.32966122031211853
0.3472382426261902
0.31899192929267883
0.327709436416626
0.32482850551605225
0.3398548662662506
0.3300987184047699
0.32595008611679077
0.3346972167491913
0.340310275554657
0.32852503657341003
0.32195472717285156
0.33451640605926514
0.3378812372684479
0.335028737783432
0.319751113653183
0.3185659945011139
0.322952002286911
0.3463189899921417
0.32650214433670044
0.3375115990638733
0.34222084283828735
0.3341981768608093
0.33573511242866516
0.3330508768558502
0.32523900270462036
0.330385684967041
0.32407230138778687
0.3457290828227997
0.33453577756881714
0.3432826101779938
0.3440213203430176
0.33827638626098633
0.3275418281555176
0.3235971927642822
0.3386106789112091
0.3396274745464325
0.3342606723308563
0.35145342350006104
0.3200303614139557
0.3250826299190521
0.3418347239494324
0.3474970757961273
0.3293519914150238
0.3386164903640747
0.3407837450504303
0.3309606611728668
0.33963173627853394
0.32838377356529236
0.3495250940322876
0.34362509846687317
0.323359876871109
0.3343560993671417
0.3290124237537384
0.32610487937927246
0.33703434467315674
0.3405524492263794
0.326675683259964
0.3488393723964691
0.3306395411491394
0.3422571122646332
0.342192679643631
0.3353672921657562
0.3463955819606781
0.3309841454029083
0.3300069570541382
0.3383360207080841
0.32198530435562134
0.3256818950176239
0.3396892845630646
0.34291431307792664
0.33126091957092285
0.34646642208099365
0.3289908170700073
0.31914591789245605
0.3547374904155731
0.3344936966896057
0.33189594745635986
0.32720014452934265
0.3318153917789459
0.3300299644470215
0.3370400667190552
0.3447394371032715
0.3441612422466278
0.329028457403183
0.32777491211891174
0.32154613733291626
0.3300491273403168
0.3241415321826935
0.3379397690296173
0.3362213373184204
0.32270902395248413
0.33489978313446045
0.32696467638015747
0.32410943508148193
0.3540967106819153
0.3251453638076782
0.34858956933021545
0.3347232937812805
0.3439714312553406
0.3294598460197449
0.3471629321575165
0.31879138946533203
0.3276764154434204
0.3246777355670929
0.3397146761417389
0.33000069856643677
0.32592499256134033
0.3345504105091095
0.34008029103279114
0.3284801244735718
0.3217785656452179
0.33444154262542725
0.3377276659011841
0.3348001539707184
0.31958815455436707
0.3183579742908478
0.3228330910205841
0.34621188044548035
0.3264268636703491
0.33736664056777954
0.34209340810775757
0.33403193950653076
0.33554670214653015
0.3330703377723694
0.32497090101242065
0.3302430808544159
0.32400014996528625
0.3456856906414032
0.33445417881011963
0.3431514501571655
0.3438657522201538
0.33818405866622925
0.3274492025375366
0.3235149383544922
0.3386072814464569
0.3394909203052521
0.3342045843601227
0.35131901502609253
0.31989914178848267
0.32495591044425964
0.34173136949539185
0.34739625453948975
0.32924574613571167
0.3385760188102722
0.34065333008766174
0.33085939288139343
0.3395027220249176
0.3283692002296448
0.34938332438468933
0.3434286117553711
0.32329830527305603
0.3343106508255005
0.3289610743522644
0.32600513100624084
0.33701175451278687
0.3403767943382263
0.3264855444431305
0.3487226665019989
0.33057284355163574
0.3422017991542816
0.3421982526779175
0.335260808467865
0.34625861048698425
0.3309846818447113
0.329985648393631
0.33835768699645996
0.3219500184059143
0.3255094885826111
0.33951500058174133
0.3428342640399933
0.3311976492404938
0.34631526470184326
0.32893964648246765
0.31904488801956177
0.354731023311615
0.3343079090118408
0.33175966143608093
0.3271288573741913
0.33162209391593933
0.3299703299999237
0.3369160294532776
0.3445030748844147
0.34404703974723816
0.3288978338241577
0.3277852237224579
0.3215031027793884
0.329974889755249
0.32403093576431274
0.33772316575050354
0.336186945438385
0.3226245939731598
0.3348177373409271
0.32693690061569214
0.32407471537590027
0.3539170026779175
0.32511067390441895
0.3483354151248932
0.3346605896949768
0.3439016044139862
0.3293057978153229
0.3471166789531708
0.31863728165626526
0.32766446471214294
0.32456594705581665
0.33961209654808044
0.3299342691898346
0.32591989636421204
0.3344416916370392
0.33990126848220825
0.32845818996429443
0.32164448499679565
0.33439406752586365
0.337613046169281
0.3346221446990967
0.31946584582328796
0.31819722056388855
0.32274800539016724
0.34613704681396484
0.32637813687324524
0.3372589945793152
0.34200021624565125
0.333906888961792
0.3354021906852722
0.33310163021087646
