--name:
20221114_1108

--model type:
DHO

--controlled system:
True

--lyapunov correction:
False

--learning rate:
0.01

--number of epoches:
1

--number of batches:
1024

--number of samples per batch:
512

--FNN fc1 weights:
Parameter containing:
tensor([[ 1.6680e-04,  7.1211e-01],
        [-4.9973e-01, -1.1461e-01]], requires_grad=True)

--GNN fc1 weights:
Parameter containing:
tensor([[-0.0283, -0.2672],
        [-0.0478, -0.2548]], requires_grad=True)

--GNN fc1 bias:
Parameter containing:
tensor([ 0.0194, -0.9685], requires_grad=True)

--Testing loss:
tensor(0.0109, grad_fn=<MulBackward0>)

--Training losses:
0.6010699272155762
0.6342020034790039
0.5865438580513
0.6080024838447571
0.5927150845527649
0.6076828241348267
0.5853238701820374
0.5538418889045715
0.5769824981689453
0.5271321535110474
0.5297192335128784
0.5340794324874878
0.5407821536064148
0.5204984545707703
0.4979773759841919
0.5338943004608154
0.518156111240387
0.5074150562286377
0.496000736951828
0.4825025796890259
0.46043142676353455
0.4708908200263977
0.46622124314308167
0.46080446243286133
0.5278171896934509
0.45443302392959595
0.4625033736228943
0.45502912998199463
0.4230637848377228
0.44157111644744873
0.42874807119369507
0.44003233313560486
0.4474044442176819
0.4038105905056
0.4386540949344635
0.41945502161979675
0.3906409740447998
0.4192475378513336
0.41334283351898193
0.377454549074173
0.3652372360229492
0.3779546320438385
0.37730059027671814
0.3846479654312134
0.38774579763412476
0.35270029306411743
0.35079050064086914
0.37206315994262695
0.3874230682849884
0.3790840804576874
0.36981409788131714
0.34139835834503174
0.34892186522483826
0.3312121033668518
0.3366977572441101
0.333262175321579
0.313175767660141
0.29736411571502686
0.31015315651893616
0.29554739594459534
0.2938569486141205
0.3150557279586792
0.3261663317680359
0.30899709463119507
0.30092206597328186
0.27853643894195557
0.28232070803642273
0.2903137803077698
0.3046334683895111
0.3032170832157135
0.28307515382766724
0.2678739130496979
0.26865020394325256
0.28266459703445435
0.2698044180870056
0.3001950979232788
0.27575811743736267
0.26567506790161133
0.2695888578891754
0.27429285645484924
0.249932199716568
0.26587867736816406
0.2679063379764557
0.25707322359085083
0.24904762208461761
0.2773437201976776
0.24842505156993866
0.24342948198318481
0.2715761661529541
0.23716944456100464
0.2625645399093628
0.2539452016353607
0.2535800039768219
0.23193345963954926
0.24794775247573853
0.24487151205539703
0.23637618124485016
0.22622108459472656
0.22095292806625366
0.21494904160499573
0.23253566026687622
0.21646344661712646
0.2203563153743744
0.22811545431613922
0.21537458896636963
0.2125140130519867
0.21990741789340973
0.22014805674552917
0.21429865062236786
0.2190542370080948
0.22267939150333405
0.2004799246788025
0.2218620330095291
0.2103186696767807
0.2075621783733368
0.20116911828517914
0.19176776707172394
0.21747460961341858
0.20276574790477753
0.19020794332027435
0.20563139021396637
0.19015738368034363
0.20860444009304047
0.19536040723323822
0.18609265983104706
0.20586596429347992
0.19657069444656372
0.18539120256900787
0.19772383570671082
0.19690965116024017
0.1820225864648819
0.1758606880903244
0.17870689928531647
0.20425938069820404
0.17451776564121246
0.18068619072437286
0.1819136142730713
0.15990349650382996
0.17400754988193512
0.1774255335330963
0.17642523348331451
0.17638163268566132
0.17755739390850067
0.17410655319690704
0.18719010055065155
0.17891384661197662
0.17994855344295502
0.16567690670490265
0.17315645515918732
0.1695772111415863
0.168683260679245
0.1585746705532074
0.1560591459274292
0.15528085827827454
0.16485245525836945
0.15527161955833435
0.1693914830684662
0.15283779799938202
0.15709252655506134
0.16240409016609192
0.16555510461330414
0.15472160279750824
0.16666553914546967
0.15673065185546875
0.16034691035747528
0.1521383821964264
0.152921661734581
0.15858091413974762
0.15015257894992828
0.1639769971370697
0.1571885645389557
0.1534002125263214
0.15834486484527588
0.14172163605690002
0.14919300377368927
0.1412871778011322
0.1481916457414627
0.1523437798023224
0.1442451924085617
0.13877078890800476
0.13772399723529816
0.15329745411872864
0.15099649131298065
0.13436070084571838
0.1452852040529251
0.1392841637134552
0.13825103640556335
0.13658037781715393
0.14975646138191223
0.14407159388065338
0.1374788135290146
0.1432342529296875
0.14330188930034637
0.1436968445777893
0.13791880011558533
0.1349160075187683
0.12711107730865479
0.12491266429424286
0.1404394954442978
0.13398528099060059
0.12147533893585205
0.13284200429916382
0.12245645374059677
0.12485650181770325
0.1327930986881256
0.12227679789066315
0.13833294808864594
0.12478181719779968
0.13627158105373383
0.1199430599808693
0.12919539213180542
0.12754125893115997
0.11917196214199066
0.11772438138723373
0.11911526322364807
0.1193779930472374
0.1245998963713646
0.11425693333148956
0.12370087206363678
0.11351731419563293
0.12144670635461807
0.12622378766536713
0.12164603173732758
0.12247498333454132
0.12508246302604675
0.11751870065927505
0.12504954636096954
0.11836834251880646
0.1327478438615799
0.1108040064573288
0.12006580829620361
0.11380456387996674
0.11944654583930969
0.10908199101686478
0.11751163005828857
0.11443091183900833
0.10628838837146759
0.11087764799594879
0.12832215428352356
0.1229853481054306
0.11022030562162399
0.10699203610420227
0.10179998725652695
0.11609692871570587
0.11475453525781631
0.10560637712478638
0.10734397172927856
0.10027551651000977
0.10993163287639618
0.10881593823432922
0.10659004747867584
0.10594633966684341
0.1056155264377594
0.11304252594709396
0.1140989139676094
0.10273538529872894
0.10682926326990128
0.09880019724369049
0.10685070604085922
0.09901580214500427
0.10826375335454941
0.10132012516260147
0.10488086938858032
0.10740213096141815
0.10377231985330582
0.09735233336687088
0.10031004995107651
0.10077165812253952
0.09123007208108902
0.09088540822267532
0.0984966829419136
0.10317763686180115
0.09899980574846268
0.10425364226102829
0.10145282745361328
0.09231436252593994
0.09674794226884842
0.09850217401981354
0.09078741818666458
0.0942227840423584
0.10193177312612534
0.09652204811573029
0.08767575770616531
0.09759535640478134
0.10411146283149719
0.09460828453302383
0.0870528444647789
0.10174791514873505
0.09722033143043518
0.0886342003941536
0.09860477596521378
0.09352849423885345
0.09227130562067032
0.09860164672136307
0.09776715189218521
0.09530171751976013
0.0951915979385376
0.09322725236415863
0.08555442839860916
0.09541092067956924
0.0933627188205719
0.08243536204099655
0.09099526703357697
0.09415356814861298
0.0880286693572998
0.09223031252622604
0.09076473116874695
0.08768437802791595
0.09740430116653442
0.08209989219903946
0.08750369399785995
0.09207651764154434
0.09235887974500656
0.0893949419260025
0.08523649722337723
0.08831485360860825
0.08951172232627869
0.07726603746414185
0.08835556358098984
0.08632556349039078
0.08582676947116852
0.07888243347406387
0.08476753532886505
0.09105171263217926
0.07608108222484589
0.07999888807535172
0.0783720538020134
0.08126253634691238
0.08832049369812012
0.08216338604688644
0.07952886074781418
0.07780949026346207
0.08408351242542267
0.081064872443676
0.0834134891629219
0.08370973914861679
0.08134980499744415
0.07219105958938599
0.07920156419277191
0.07541726529598236
0.08226806670427322
0.08018440008163452
0.0870438739657402
0.0779152661561966
0.07736028730869293
0.07604177296161652
0.08222555369138718
0.07136759161949158
0.08170604705810547
0.07996280491352081
0.0802653357386589
0.07456564903259277
0.06923945248126984
0.07588671147823334
0.07536616921424866
0.06949877738952637
0.07829436659812927
0.07484258711338043
0.08369193226099014
0.07733957469463348
0.08115797489881516
0.07704989612102509
0.07230819761753082
0.0758119449019432
0.07145652920007706
0.07789264619350433
0.06871852278709412
0.06984306871891022
0.07289248704910278
0.07411361485719681
0.0742645338177681
0.07319003343582153
0.07429534941911697
0.07385654002428055
0.07113877683877945
0.07531967014074326
0.0671154335141182
0.06647244095802307
0.07378865778446198
0.06855369359254837
0.07475658506155014
0.07398426532745361
0.07566295564174652
0.07095875591039658
0.06558506190776825
0.07114450633525848
0.06796073168516159
0.06990911811590195
0.07211910933256149
0.07395564019680023
0.06632756441831589
0.06712033599615097
0.06433660537004471
0.07082702219486237
0.06414828449487686
0.0717727392911911
0.07034429162740707
0.07335344702005386
0.06920982897281647
0.06755969673395157
0.06898803263902664
0.06682972609996796
0.06374409794807434
0.06377880275249481
0.07091844826936722
0.0648903101682663
0.0630771815776825
0.06165555119514465
0.055470407009124756
0.0672210231423378
0.06233423948287964
0.0658930242061615
0.06021805480122566
0.05899524688720703
0.061424411833286285
0.06135716289281845
0.06378161907196045
0.06244276463985443
0.0608164444565773
0.06509377062320709
0.06387297064065933
0.06445509940385818
0.0609036348760128
0.06410589814186096
0.06204885616898537
0.06397196650505066
0.06617201119661331
0.06703568249940872
0.061479177325963974
0.057210396975278854
0.060240134596824646
0.05897846445441246
0.05633346363902092
0.0635557621717453
0.05862762778997421
0.06170453503727913
0.059779372066259384
0.0557824932038784
0.05623597651720047
0.05915804207324982
0.05718455836176872
0.06013045459985733
0.05907640978693962
0.05804509297013283
0.05478524789214134
0.06424559652805328
0.05734198912978172
0.056101277470588684
0.054441001266241074
0.05178339034318924
0.0549548864364624
0.059855856001377106
0.05829724296927452
0.05540717393159866
0.05503837391734123
0.058754727244377136
0.05566154047846794
0.05271897837519646
0.05433526262640953
0.05667945742607117
0.05170881003141403
0.05485246703028679
0.05929340422153473
0.0546126514673233
0.05434442684054375
0.05627036094665527
0.05700524151325226
0.052141573280096054
0.05418889597058296
0.052262067794799805
0.053979843854904175
0.05399838089942932
0.054237328469753265
0.054335158318281174
0.050508663058280945
0.05170426145195961
0.048499446362257004
0.04814934730529785
0.05543607845902443
0.05232430621981621
0.05103442817926407
0.048466891050338745
0.050246190279722214
0.04953452944755554
0.05081666633486748
0.04780610278248787
0.04814917594194412
0.04726234823465347
0.047995053231716156
0.05258944630622864
0.050321467220783234
0.04800994694232941
0.04912947490811348
0.049067504703998566
0.05011023208498955
0.0476020947098732
0.04911211505532265
0.047502633184194565
0.045588795095682144
0.04439853876829147
0.04738675057888031
0.05226169526576996
0.04776381328701973
0.047584813088178635
0.049521129578351974
0.04706956073641777
0.04969388246536255
0.04337397217750549
0.05058358982205391
0.047604046761989594
0.047098468989133835
0.04617558792233467
0.0492856539785862
0.04697442799806595
0.05139824375510216
0.04793286696076393
0.044960081577301025
0.04831111058592796
0.044239580631256104
0.04819577559828758
0.052345313131809235
0.04492664709687233
0.044399719685316086
0.04791160300374031
0.04621637240052223
0.04517997428774834
0.04703984409570694
0.048256102949380875
0.04555412381887436
0.045501939952373505
0.048197753727436066
0.051418647170066833
0.05219874903559685
0.042486052960157394
0.041213348507881165
0.046840980648994446
0.044737473130226135
0.04617544636130333
0.04664779454469681
0.04224516451358795
0.041708674281835556
0.04474352300167084
0.03934643417596817
0.04253388196229935
0.04510822892189026
0.04010388255119324
0.04235823079943657
0.0397031344473362
0.04134988412261009
0.044237036257982254
0.043653856962919235
0.039968471974134445
0.03721190616488457
0.038961123675107956
0.04446226358413696
0.03838696330785751
0.04075423628091812
0.04009662941098213
0.03788500279188156
0.0422208197414875
0.039727628231048584
0.03847014158964157
0.039014458656311035
0.04036645591259003
0.040780723094940186
0.04060857370495796
0.040268637239933014
0.037579648196697235
0.04144202917814255
0.03956044465303421
0.04110829159617424
0.04177115485072136
0.04041554778814316
0.03878035396337509
0.03788527846336365
0.03792538121342659
0.04123681038618088
0.03832362964749336
0.03791145607829094
0.03897656127810478
0.03230109065771103
0.038360029458999634
0.03690962865948677
0.040475569665431976
0.03417682275176048
0.03799215331673622
0.03815503045916557
0.03729311749339104
0.03600960969924927
0.03638683632016182
0.03620043396949768
0.03694290667772293
0.03508472442626953
0.03639346361160278
0.03422662615776062
0.03988451510667801
0.03888429328799248
0.034962255507707596
0.03613320738077164
0.03418750688433647
0.03498458117246628
0.0384245328605175
0.038373325020074844
0.034474797546863556
0.036637719720602036
0.033566027879714966
0.03462822362780571
0.03692099452018738
0.033418428152799606
0.03463047742843628
0.0337546244263649
0.03569573163986206
0.03673318028450012
0.03444909676909447
0.03439948707818985
0.035528674721717834
0.033023901283741
0.03580467402935028
0.03355288505554199
0.03483722731471062
0.03529629111289978
0.03289581462740898
0.03559313714504242
0.033889468759298325
0.0318288654088974
0.03263367339968681
0.027536312118172646
0.03425934165716171
0.03439653292298317
0.03346859663724899
0.032023608684539795
0.03501756489276886
0.030429940670728683
0.03174222260713577
0.035189442336559296
0.03456386178731918
0.03076120652258396
0.031853288412094116
0.03561738505959511
0.032568249851465225
0.0314955972135067
0.033594317734241486
0.030012892559170723
0.0325399711728096
0.03447235748171806
0.031561993062496185
0.029325861483812332
0.03276932239532471
0.030194420367479324
0.03212380036711693
0.031204763799905777
0.03203894942998886
0.028777532279491425
0.028939997777342796
0.029645230621099472
0.03250555694103241
0.03005482256412506
0.02923782914876938
0.032078083604574203
0.030370386317372322
0.030196135863661766
0.03153819963335991
0.031328849494457245
0.030639497563242912
0.0296949353069067
0.02832261100411415
0.031386591494083405
0.02922392636537552
0.03341836854815483
0.031637631356716156
0.03010076843202114
0.02902696467936039
0.029834629967808723
0.02838355302810669
0.02799566648900509
0.028690198436379433
0.026434743776917458
0.026511723175644875
0.027726590633392334
0.027239888906478882
0.029181968420743942
0.02895641326904297
0.029454534873366356
0.028169183060526848
0.031110135838389397
0.026868464425206184
0.027760135009884834
0.02598879486322403
0.026755603030323982
0.028630154207348824
0.027985716238617897
0.02434428408741951
0.025274215266108513
0.02784954011440277
0.026081210002303123
0.028040625154972076
0.028737427666783333
0.025569314137101173
0.025868315249681473
0.0269150547683239
0.027597572654485703
0.027720719575881958
0.02772993966937065
0.025250989943742752
0.02566763013601303
0.02645132504403591
0.02508692257106304
0.027200497686862946
0.025554345920681953
0.02715502679347992
0.03000413440167904
0.0262703038752079
0.02679179050028324
0.023445386439561844
0.02544596791267395
0.024705946445465088
0.024993807077407837
0.023492522537708282
0.025711186230182648
0.025035031139850616
0.023926755413413048
0.022389762103557587
0.02253352664411068
0.02530580945312977
0.02360590174794197
0.02574557065963745
0.025637861341238022
0.023552050814032555
0.02595892921090126
0.022970540449023247
0.02488914132118225
0.023606054484844208
0.025557998567819595
0.023363027721643448
0.021763745695352554
0.023457255214452744
0.02506985329091549
0.027114562690258026
0.024365199729800224
0.025136305019259453
0.024237245321273804
0.02202855423092842
0.022593943402171135
0.02150708995759487
0.023829538375139236
0.023219609633088112
0.023598680272698402
0.024879541248083115
0.023432845249772072
0.02534886822104454
0.022428981959819794
0.023147111758589745
0.023881958797574043
0.022599173709750175
0.024904867634177208
0.02338458225131035
0.02400318533182144
0.02483930066227913
0.024448752403259277
0.021673372015357018
0.022145163267850876
0.02159988135099411
0.021459156647324562
0.023952525109052658
0.02310032770037651
0.023158608004450798
0.022236231714487076
0.020905369892716408
0.02167222835123539
0.022943317890167236
0.023610765114426613
0.020361434668302536
0.021814685314893723
0.021006621420383453
0.02263426035642624
0.021734394133090973
0.020599866285920143
0.021984709426760674
0.022322412580251694
0.022083736956119537
0.02101263962686062
0.02045324444770813
0.01926836185157299
0.020487269386649132
0.020383674651384354
0.021009813994169235
0.021881893277168274
0.022777114063501358
0.021543413400650024
0.02142203226685524
0.022695358842611313
0.019519777968525887
0.019496843218803406
0.021582884714007378
0.020388009026646614
0.022070426493883133
0.020024610683321953
0.020808137953281403
0.01898583397269249
0.021273305639624596
0.022387929260730743
0.021692484617233276
0.020274249836802483
0.01928560994565487
0.019958054646849632
0.019427543506026268
0.020845232531428337
0.02014949358999729
0.019556106999516487
0.019833490252494812
0.021593943238258362
0.02012171782553196
0.019530020654201508
0.01835445687174797
0.02028435841202736
0.020357584580779076
0.020456252619624138
0.018172506242990494
0.01881885528564453
0.016603847965598106
0.019991714507341385
0.021222537383437157
0.020484132692217827
0.018225695937871933
0.01790081337094307
0.02039991319179535
0.01744185760617256
0.01972932554781437
0.018104741349816322
0.019175490364432335
0.016927052289247513
0.018896883353590965
0.01665300875902176
0.01700451411306858
0.01772070862352848
0.018456006422638893
0.01926887407898903
0.02037823759019375
0.0174691304564476
0.017833946272730827
0.01707918383181095
0.018385790288448334
0.016250988468527794
0.018421856686472893
0.019790638238191605
0.017450300976634026
0.017590120434761047
0.018597811460494995
0.016877345740795135
0.018417181447148323
0.016324138268828392
0.016961678862571716
0.017140300944447517
0.018810823559761047
0.01849409192800522
0.017094600945711136
0.0179938692599535
0.01684250310063362
0.01558602973818779
0.017452992498874664
0.016679737716913223
0.017558157444000244
0.018506471067667007
0.016015557572245598
0.016749579459428787
0.01659105159342289
0.01640828512609005
0.01734420843422413
0.015736045315861702
0.014818575233221054
0.016002090647816658
0.015776177868247032
0.015016432851552963
0.017847569659352303
0.01505874190479517
0.015096956863999367
0.014511371031403542
0.01739463210105896
0.015636084601283073
0.017226625233888626
0.016259776428341866
0.015414278954267502
0.017028087750077248
0.017132004722952843
0.01518484391272068
0.01477726362645626
0.015866829082369804
0.017482047900557518
0.016777442768216133
0.018151912838220596
0.01599312759935856
0.01568477414548397
0.01742997020483017
0.015196355059742928
0.014581387862563133
0.016303058713674545
0.014078270643949509
0.014808869920670986
0.01625456102192402
0.01421400997787714
0.015133844688534737
0.014908320270478725
0.016811594367027283
0.014196069911122322
0.01410443801432848
0.015153080224990845
0.014127030037343502
0.014865999110043049
0.015996567904949188
0.015193382278084755
0.01659066416323185
0.014771845191717148
0.013688349165022373
0.014118869788944721
0.014946452341973782
0.016937578096985817
0.014898747205734253
0.014363730326294899
0.015634555369615555
0.015060234814882278
0.015305977314710617
0.015031907707452774
0.014285952784121037
0.016433188691735268
0.016822630539536476
0.013991846702992916
0.014625702053308487
0.012995551340281963
0.01434498094022274
0.012852752581238747
0.013214406557381153
0.012969806790351868
0.014005887322127819
0.014028908684849739
0.013562407344579697
0.012930755503475666
0.014144287444651127
0.015399634838104248
0.013742547482252121
0.013909469358623028
0.014441392384469509
0.014533811248838902
0.012220329605042934
0.013016040436923504
0.013926906511187553
0.01409450639039278
0.012879814021289349
0.013591979630291462
0.013629074208438396
0.013234433718025684
0.0126099968329072
0.013845469802618027
0.013686931692063808
0.014160703867673874
0.012457029893994331
0.012854968197643757
0.012188061140477657
0.011679953895509243
0.013349572196602821
0.011828873306512833
0.012986809015274048
0.013135245069861412
0.01438196748495102
0.013448076322674751
0.014992641285061836
0.013178134337067604
0.012296092696487904
0.011423870921134949
0.012278265319764614
0.013030213303864002
0.01347628328949213
0.01340104267001152
0.012860662303864956
0.012769416905939579
0.011741884052753448
0.013684139586985111
0.012660318985581398
0.013176008127629757
0.012171002104878426
0.012302796356379986
0.011656679213047028
0.013209162279963493
0.012801715172827244
0.013639144599437714
0.012572865933179855
0.011313448660075665
0.012232289649546146
0.011806356720626354
0.014080638997256756
0.011153986677527428
0.013280674815177917
0.011325957253575325
0.010760169476270676
0.012981047853827477
0.011659251525998116
0.013067563064396381
0.012174415402114391
0.011282606981694698
0.01143303420394659
0.01215921901166439
0.010362071916460991
0.011476656422019005
0.011368557810783386
0.011843143962323666
0.011838696897029877
0.01164180040359497
0.010690293274819851
0.011947517283260822
0.011664014309644699
0.01204261090606451
0.011220808140933514
0.009819535538554192
0.01229040790349245
0.011130617000162601
0.011654417961835861
0.013708112761378288
0.010541293770074844
0.01097909826785326
0.01081419549882412
0.00968813057988882
0.009929764084517956
0.010777292773127556
0.010401289910078049
0.010588941164314747
