--name:
20221114_1150

--model type:
DHO

--controlled system:
True

--lyapunov correction:
False

--learning rate:
0.01

--number of epoches:
1

--number of batches:
1024

--number of samples per batch:
512

--FNN fc1 weights:
Parameter containing:
tensor([[ 4.9354e-04,  7.0605e-01],
        [-5.0010e-01,  3.3256e-02]], requires_grad=True)

--GNN fc1 weights:
Parameter containing:
tensor([[-0.0706,  0.1023],
        [-0.1036,  0.2183]], requires_grad=True)

--GNN fc1 bias:
Parameter containing:
tensor([ 0.0467, -0.9310], requires_grad=True)

--Testing loss:
tensor(0.0126, grad_fn=<MulBackward0>)

--Training losses:
0.44261226058006287
0.45146608352661133
0.4656482934951782
0.45691269636154175
0.4383426308631897
0.4250582456588745
0.4386623501777649
0.44716116786003113
0.42070651054382324
0.4157080352306366
0.41912397742271423
0.3882567584514618
0.41842707991600037
0.39835432171821594
0.40181711316108704
0.4234680235385895
0.396418035030365
0.3715578615665436
0.41268062591552734
0.43078404664993286
0.4042581617832184
0.40073734521865845
0.385601282119751
0.4024946689605713
0.3740027844905853
0.3962234854698181
0.3795793354511261
0.38017353415489197
0.37714913487434387
0.3735005259513855
0.36741265654563904
0.37487420439720154
0.3460947573184967
0.35186493396759033
0.356988787651062
0.355008065700531
0.36305534839630127
0.3595317006111145
0.34794387221336365
0.34343913197517395
0.3234785497188568
0.3587614893913269
0.3381762206554413
0.33949190378189087
0.33156201243400574
0.32516393065452576
0.3289870023727417
0.3341451585292816
0.34414565563201904
0.30336904525756836
0.33659371733665466
0.3205966055393219
0.3141854405403137
0.30749309062957764
0.3134761154651642
0.335669606924057
0.3087220788002014
0.3116685748100281
0.3149816393852234
0.32095232605934143
0.2874760329723358
0.29556283354759216
0.2860996127128601
0.32553502917289734
0.3130921721458435
0.2939096689224243
0.2946588695049286
0.28995564579963684
0.2778201699256897
0.3029704689979553
0.28434503078460693
0.2817491590976715
0.27780014276504517
0.28551653027534485
0.2745974659919739
0.2928723096847534
0.28714296221733093
0.28157761693000793
0.2804828882217407
0.27506890892982483
0.25814610719680786
0.28879937529563904
0.28831684589385986
0.2784716486930847
0.2568950653076172
0.2689526081085205
0.2657950818538666
0.24949097633361816
0.2664865255355835
0.28915920853614807
0.2619382441043854
0.25235992670059204
0.2617991268634796
0.2641998529434204
0.2576198875904083
0.2661232352256775
0.24227166175842285
0.2569595277309418
0.2617732882499695
0.24708852171897888
0.2598288059234619
0.24480749666690826
0.24345411360263824
0.23516827821731567
0.24542982876300812
0.2492453008890152
0.24519307911396027
0.24308577179908752
0.25163957476615906
0.23991180956363678
0.2536455988883972
0.22445598244667053
0.2417580485343933
0.23614025115966797
0.24228791892528534
0.24063311517238617
0.23363372683525085
0.23516376316547394
0.2238706350326538
0.2316916286945343
0.24843141436576843
0.23693561553955078
0.24390962719917297
0.23842112720012665
0.23575252294540405
0.21588052809238434
0.2118982970714569
0.2141883373260498
0.22421348094940186
0.21118000149726868
0.2041471302509308
0.21323609352111816
0.21884407103061676
0.21722255647182465
0.21894031763076782
0.23880229890346527
0.22260494530200958
0.22423338890075684
0.22614455223083496
0.22046750783920288
0.20261642336845398
0.2315165400505066
0.2189173847436905
0.1932426542043686
0.205296128988266
0.2130402773618698
0.19320765137672424
0.19603599607944489
0.1960345059633255
0.2160785049200058
0.21622717380523682
0.20604413747787476
0.1918076127767563
0.19590219855308533
0.20608918368816376
0.20223893225193024
0.20387126505374908
0.19641350209712982
0.1942352056503296
0.1850990206003189
0.18324397504329681
0.20807258784770966
0.19654437899589539
0.19208921492099762
0.20197728276252747
0.18603374063968658
0.1938604861497879
0.1926068365573883
0.19653071463108063
0.19749833643436432
0.18040087819099426
0.18178367614746094
0.19448548555374146
0.19765496253967285
0.1929236501455307
0.17794758081436157
0.18135665357112885
0.1910119354724884
0.19172225892543793
0.18421798944473267
0.19017504155635834
0.18922439217567444
0.1838303804397583
0.17685800790786743
0.1732865869998932
0.17485544085502625
0.18108931183815002
0.1746561974287033
0.18045112490653992
0.1782384216785431
0.17872275412082672
0.1710422933101654
0.1752968281507492
0.1809205710887909
0.17154940962791443
0.17576417326927185
0.17877468466758728
0.17613491415977478
0.17183025181293488
0.181101992726326
0.16475513577461243
0.17206844687461853
0.18013516068458557
0.1642030030488968
0.1715577244758606
0.1641155481338501
0.17499223351478577
0.1718655824661255
0.16171114146709442
0.1582404226064682
0.17018966376781464
0.16104407608509064
0.1631694883108139
0.1730300933122635
0.16195303201675415
0.16223739087581635
0.16522514820098877
0.14821425080299377
0.15928250551223755
0.15604442358016968
0.15968097746372223
0.15101677179336548
0.16020573675632477
0.1495484560728073
0.16333486139774323
0.15693369507789612
0.15907855331897736
0.1523970663547516
0.1633211076259613
0.15400561690330505
0.15489615499973297
0.1563093364238739
0.15402275323867798
0.15637145936489105
0.14040526747703552
0.15055659413337708
0.14663590490818024
0.14832620322704315
0.15087765455245972
0.1437719315290451
0.14833568036556244
0.15029104053974152
0.14082454144954681
0.1556488424539566
0.15212254226207733
0.14963456988334656
0.14326733350753784
0.1416138857603073
0.1462666094303131
0.13475193083286285
0.14215388894081116
0.14114706218242645
0.13943509757518768
0.13981424272060394
0.13975302875041962
0.14840087294578552
0.13709433376789093
0.1345791220664978
0.13195151090621948
0.1371568888425827
0.13947755098342896
0.13117800652980804
0.13281738758087158
0.13740096986293793
0.14207518100738525
0.1436159312725067
0.14070209860801697
0.14627063274383545
0.1321285367012024
0.13946907222270966
0.13986511528491974
0.13704392313957214
0.135646790266037
0.1408635824918747
0.1475166380405426
0.13284629583358765
0.13089394569396973
0.129845529794693
0.13001929223537445
0.1299777626991272
0.1281130611896515
0.12218274176120758
0.13237479329109192
0.12404040992259979
0.13093201816082
0.13125377893447876
0.1302843540906906
0.12406633794307709
0.13097096979618073
0.12623175978660583
0.12465791404247284
0.1275261491537094
0.11912435293197632
0.12610147893428802
0.1289956271648407
0.1273559182882309
0.11958388239145279
0.12817224860191345
0.1211056038737297
0.12541908025741577
0.11900974810123444
0.11376649886369705
0.11584793776273727
0.11824697256088257
0.11321859806776047
0.11789588630199432
0.11879684776067734
0.12404662370681763
0.12098193168640137
0.1196947693824768
0.11733850091695786
0.1096925139427185
0.11252903938293457
0.11531375348567963
0.11973391473293304
0.11375510692596436
0.11631139367818832
0.10419391840696335
0.12167906761169434
0.12089031934738159
0.11354448646306992
0.11126868426799774
0.10930423438549042
0.1181136965751648
0.11382263153791428
0.11102872341871262
0.1106301099061966
0.11184003949165344
0.11359705030918121
0.11542317271232605
0.10745161771774292
0.10108579695224762
0.11108024418354034
0.10710804164409637
0.11480732262134552
0.1110343337059021
0.10931973904371262
0.11401113867759705
0.10904879122972488
0.10438702255487442
0.1057666689157486
0.10331826657056808
0.10682310909032822
0.10862681269645691
0.10329718887805939
0.10966982692480087
0.10609111189842224
0.1102096289396286
0.10527772456407547
0.10571691393852234
0.1017511636018753
0.09571263939142227
0.1028365045785904
0.1006372720003128
0.10477619618177414
0.09638140350580215
0.0934205874800682
0.10168644785881042
0.09904161840677261
0.09123283624649048
0.09929585456848145
0.09738042205572128
0.09479066729545593
0.09688930958509445
0.09660889208316803
0.09812118858098984
0.09827850013971329
0.09574314206838608
0.09582103043794632
0.09050193428993225
0.09619986265897751
0.10306793451309204
0.09307189285755157
0.09165499359369278
0.09366077184677124
0.09546920657157898
0.09674404561519623
0.09282153099775314
0.09379857778549194
0.09172769635915756
0.08909635245800018
0.08977582305669785
0.09333022683858871
0.09632755070924759
0.08769579231739044
0.09160744398832321
0.09373024106025696
0.09176824241876602
0.08780236542224884
0.08923105150461197
0.08969995379447937
0.08881177753210068
0.08502137660980225
0.09154223650693893
0.08732851594686508
0.0955609530210495
0.08845336735248566
0.08495381474494934
0.08318911492824554
0.09132218360900879
0.08961214125156403
0.08401273936033249
0.08713838458061218
0.0870741754770279
0.08242297172546387
0.0924377515912056
0.08762790262699127
0.08154360949993134
0.08820459991693497
0.07865423709154129
0.08477818965911865
0.08631613850593567
0.08807660639286041
0.07896777242422104
0.08795804530382156
0.0815892294049263
0.08404912054538727
0.08644977957010269
0.08376139402389526
0.0841599851846695
0.07801414281129837
0.07952030748128891
0.0812227725982666
0.07556387782096863
0.08369278162717819
0.08456001430749893
0.08510520309209824
0.07809026539325714
0.08244165778160095
0.07964593917131424
0.0773811861872673
0.07755118608474731
0.07825277000665665
0.07449525594711304
0.07921840995550156
0.079914890229702
0.0756722241640091
0.07946760952472687
0.0799487829208374
0.07954636961221695
0.08106886595487595
0.0801638588309288
0.0745212584733963
0.08079272508621216
0.07279688119888306
0.07715532183647156
0.06918663531541824
0.07470813393592834
0.07285616546869278
0.07332023233175278
0.07084120064973831
0.07725105434656143
0.0744166374206543
0.07537388056516647
0.07233622670173645
0.07158324867486954
0.06732137501239777
0.07687009125947952
0.07297133654356003
0.0757635235786438
0.07095018029212952
0.07133298367261887
0.0711015984416008
0.0691828802227974
0.07660024613142014
0.07471124082803726
0.06501824408769608
0.06729376316070557
0.06764507293701172
0.06805445998907089
0.06677289307117462
0.06271820515394211
0.0718797892332077
0.0673399493098259
0.06406156718730927
0.06689070910215378
0.06687352061271667
0.0645856261253357
0.06837574392557144
0.06484730541706085
0.06236449256539345
0.0667523518204689
0.06746931374073029
0.06633526086807251
0.06439457088708878
0.06531999260187149
0.069066621363163
0.06818036735057831
0.07084667682647705
0.0653836578130722
0.06542173773050308
0.06635994464159012
0.06125091388821602
0.062496088445186615
0.06460268050432205
0.06734222173690796
0.06228632479906082
0.05965466797351837
0.06570356339216232
0.0628420040011406
0.06426642090082169
0.06407284736633301
0.05969195067882538
0.060815226286649704
0.05941435694694519
0.06478807330131531
0.05913732200860977
0.06342928111553192
0.06359141319990158
0.05974707752466202
0.06127796322107315
0.05945234000682831
0.06116749346256256
0.05693095922470093
0.05768346041440964
0.06338545680046082
0.05987080559134483
0.06242179498076439
0.059228844940662384
0.06144139915704727
0.057547371834516525
0.06298928707838058
0.061579201370477676
0.05590221285820007
0.05985885113477707
0.05791546404361725
0.06371744722127914
0.059567105025053024
0.05826754495501518
0.05982127785682678
0.058243051171302795
0.05707506090402603
0.05908215045928955
0.05656326189637184
0.059464164078235626
0.056984301656484604
0.053032856434583664
0.05359715223312378
0.05778730660676956
0.05837281793355942
0.050951045006513596
0.056356772780418396
0.053422875702381134
0.055018216371536255
0.05635159835219383
0.05295420438051224
0.05161339417099953
0.05088140070438385
0.049317359924316406
0.05410502478480339
0.052431754767894745
0.05731643736362457
0.051778946071863174
0.05444188416004181
0.05239613354206085
0.05405515432357788
0.056569911539554596
0.05067915469408035
0.057557858526706696
0.05124092847108841
0.050183363258838654
0.053399428725242615
0.053907640278339386
0.04991495609283447
0.051546599715948105
0.05493679270148277
0.05047665908932686
0.04992891475558281
0.04963468015193939
0.04923475161194801
0.048477064818143845
0.0513269305229187
0.04919368773698807
0.05056354030966759
0.05174027755856514
0.05168018862605095
0.051590658724308014
0.04877655580639839
0.04678323119878769
0.05027887970209122
0.04854432865977287
0.04902574047446251
0.048614006489515305
0.05093158408999443
0.045320894569158554
0.048680126667022705
0.05052220821380615
0.04592182859778404
0.04686625674366951
0.04876359552145004
0.046834249049425125
0.04858369752764702
0.04862254112958908
0.04746793583035469
0.04872298985719681
0.045822624117136
0.048249199986457825
0.04639095440506935
0.046942900866270065
0.047232434153556824
0.04656728729605675
0.043017301708459854
0.04472317546606064
0.04762650281190872
0.04443030804395676
0.045256420969963074
0.04625605046749115
0.045368194580078125
0.048881895840168
0.0449269637465477
0.046175044029951096
0.04151244834065437
0.043015286326408386
0.043366316705942154
0.044717032462358475
0.04269813746213913
0.04300899803638458
0.044871654361486435
0.04224464297294617
0.04160693660378456
0.04036588594317436
0.04721774160861969
0.042401671409606934
0.043610263615846634
0.043935973197221756
0.043710317462682724
0.04155435785651207
0.043082788586616516
0.04383765906095505
0.044209036976099014
0.0389866977930069
0.04107215255498886
0.039330609142780304
0.03950078412890434
0.039067454636096954
0.040316566824913025
0.04310842975974083
0.03997453302145004
0.04290146753191948
0.041210852563381195
0.03968619555234909
0.039858248084783554
0.03934946283698082
0.03907494619488716
0.038569506257772446
0.038423728197813034
0.0353374108672142
0.03672884404659271
0.04005216807126999
0.03962520882487297
0.03833821415901184
0.04131803661584854
0.0392787903547287
0.03856217488646507
0.041790079325437546
0.040403470396995544
0.04064515605568886
0.03610328584909439
0.0390380434691906
0.03945150226354599
0.04129379615187645
0.03958797827363014
0.037739045917987823
0.03870337828993797
0.0370936244726181
0.036605946719646454
0.03764214366674423
0.036915287375450134
0.03717382997274399
0.03585276007652283
0.03601543977856636
0.03653987497091293
0.035236768424510956
0.03567380830645561
0.03456387296319008
0.037155333906412125
0.036018699407577515
0.0353393591940403
0.03644000366330147
0.035649701952934265
0.035845689475536346
0.03658405318856239
0.035319097340106964
0.03657768294215202
0.03420616313815117
0.03546721115708351
0.033589377999305725
0.03491172567009926
0.03272644802927971
0.03345891088247299
0.034048642963171005
0.036501720547676086
0.03361029922962189
0.03484487906098366
0.03430784493684769
0.03412780538201332
0.03466497361660004
0.03370138630270958
0.03397319093346596
0.032910387963056564
0.032433271408081055
0.03301778435707092
0.034497614949941635
0.03315485641360283
0.03306983783841133
0.034640539437532425
0.03334540128707886
0.03203398734331131
0.031052058562636375
0.032968781888484955
0.03384331986308098
0.029791252687573433
0.031866732984781265
0.031888581812381744
0.029544880613684654
0.03188209608197212
0.029978875070810318
0.030857272446155548
0.03229990601539612
0.03003043495118618
0.030140675604343414
0.03201543167233467
0.028645621612668037
0.029331471771001816
0.0329146645963192
0.029510438442230225
0.030042678117752075
0.031259965151548386
0.028739387169480324
0.03237549215555191
0.03187356889247894
0.029825305566191673
0.028004277497529984
0.03007938154041767
0.028547290712594986
0.029447533190250397
0.029950382187962532
0.026966596022248268
0.028960473835468292
0.027963897213339806
0.030187096446752548
0.032139647752046585
0.0291023887693882
0.030950868502259254
0.028278732672333717
0.029886484146118164
0.02960098348557949
0.02918994054198265
0.026826418936252594
0.02781013958156109
0.031394969671964645
0.027050212025642395
0.02812040038406849
0.02608690969645977
0.02957991138100624
0.02746160887181759
0.028414541855454445
0.027245959267020226
0.02859403006732464
0.027466759085655212
0.0282224640250206
0.027885250747203827
0.026970626786351204
0.02855486050248146
0.026625508442521095
0.027834182605147362
0.026102356612682343
0.0279543399810791
0.025780707597732544
0.02633538469672203
0.026290275156497955
0.026735693216323853
0.02483380027115345
0.02544630877673626
0.02569405920803547
0.026429347693920135
0.027074795216321945
0.026579761877655983
0.02803187258541584
0.026866240426898003
0.02349890023469925
0.02536497265100479
0.026219328865408897
0.025971468538045883
0.024410786107182503
0.02485036849975586
0.026502501219511032
0.02588232234120369
0.02609039843082428
0.02441031113266945
0.024151824414730072
0.025174111127853394
0.026552774012088776
0.024993522092700005
0.025367548689246178
0.024387067183852196
0.024205485358834267
0.023077698424458504
0.02671840228140354
0.02357407473027706
0.02338799461722374
0.023461608216166496
0.025255097076296806
0.022996224462985992
0.023345105350017548
0.024295464158058167
0.02396589145064354
0.02313198149204254
0.024088799953460693
0.023132920265197754
0.023453131318092346
0.022753199562430382
0.02284219302237034
0.0235361997038126
0.02227146178483963
0.02215934358537197
0.02145812101662159
0.022580789402127266
0.022378217428922653
0.023608192801475525
0.022279465571045876
0.021832473576068878
0.022369645535945892
0.02306593768298626
0.02223915047943592
0.02301914058625698
0.022444650530815125
0.02222839742898941
0.023386357352137566
0.02051698789000511
0.022706585004925728
0.021232230588793755
0.022096354514360428
0.021063057705760002
0.02264583855867386
0.021509718149900436
0.021990081295371056
0.020574958994984627
0.020202331244945526
0.02252356708049774
0.02207270637154579
0.01986660063266754
0.021712668240070343
0.020058901980519295
0.02161662094295025
0.020609300583600998
0.020949508994817734
0.020785842090845108
0.021911581978201866
0.020115427672863007
0.02177450805902481
0.020710939541459084
0.020811911672353745
0.020892741158604622
0.022309884428977966
0.019572021439671516
0.0208047553896904
0.021667953580617905
0.02080458775162697
0.019016636535525322
0.020635593682527542
0.01952044479548931
0.02038673497736454
0.020537570118904114
0.02025984600186348
0.021413445472717285
0.02030184119939804
0.017841510474681854
0.020480329170823097
0.01955731026828289
0.019298553466796875
0.018955253064632416
0.021148953586816788
0.01966027542948723
0.01865973509848118
0.02047593519091606
0.019058406352996826
0.019266067072749138
0.01994257979094982
0.017644889652729034
0.01843595877289772
0.019496159628033638
0.01871017925441265
0.01959099806845188
0.01916731894016266
0.01924576610326767
0.0171344056725502
0.01780431717634201
0.01778540387749672
0.019343845546245575
0.019061574712395668
0.01856517232954502
0.01787300407886505
0.017870495095849037
0.019537318497896194
0.01838679611682892
0.01799105480313301
0.018709687516093254
0.01861483044922352
0.018364915624260902
0.018590861931443214
0.017380811274051666
0.01874852366745472
0.018092451617121696
0.01817348226904869
0.017379434779286385
0.017940782010555267
0.016826342791318893
0.01717410422861576
0.015585733577609062
0.018173078075051308
0.015724148601293564
0.015583043918013573
0.017295297235250473
0.017213864251971245
0.017134329304099083
0.01726657897233963
0.016951512545347214
0.01690381020307541
0.016964957118034363
0.016914349049329758
0.015436777845025063
0.01674645021557808
0.01612190529704094
0.016141898930072784
0.015997273847460747
0.016337702050805092
0.015414857305586338
0.016016146168112755
0.01753566414117813
0.016603540629148483
0.016198083758354187
0.016782252117991447
0.015135468915104866
0.01625678315758705
0.015773043036460876
0.014886626973748207
0.015917422249913216
0.0160811860114336
0.01639334112405777
0.015188734047114849
0.014382977038621902
0.015020071528851986
0.01498075295239687
0.015088668093085289
0.01545651350170374
0.01534703653305769
0.015421702526509762
0.01577710546553135
0.015133889392018318
0.015774281695485115
0.015945762395858765
0.015425642021000385
0.014594542793929577
0.015201523900032043
0.014583183452486992
0.015014959499239922
0.0152202770113945
0.01486113853752613
0.014970124699175358
0.015355260111391544
0.014649562537670135
0.013863921165466309
0.014786970801651478
0.014339699409902096
0.014338314533233643
0.013701274991035461
0.015426955185830593
0.015693150460720062
0.014161214232444763
0.015247073955833912
0.01421351358294487
0.014053741469979286
0.013640301302075386
0.013901149854063988
0.013511396944522858
0.014347251504659653
0.01383543387055397
0.014379170723259449
0.01430245116353035
0.01386544480919838
0.013854987919330597
0.01496981643140316
0.014163547195494175
0.0146059924736619
0.01427879836410284
0.013794361613690853
0.01352224126458168
0.013303547166287899
0.013829918578267097
0.014514758251607418
0.01330401748418808
0.013047528453171253
0.014726756140589714
0.013187011703848839
0.012888158671557903
0.012569391168653965
0.014518486335873604
0.01304643414914608
0.012689736671745777
0.012945301830768585
0.013332640752196312
0.012166544795036316
0.013008556328713894
0.013472946360707283
0.01278220396488905
0.012211816385388374
0.013901147991418839
0.013206250965595245
0.012562626972794533
0.013504710979759693
0.013009075075387955
0.011860492639243603
0.0129679711535573
0.012524817138910294
0.012918137945234776
0.011881237849593163
0.013121050782501698
0.012190491892397404
0.011190822347998619
0.011872900649905205
0.012571368366479874
0.0108607467263937
0.013480736874043941
