--name:
20221114_1151

--model type:
DHO

--controlled system:
True

--lyapunov correction:
False

--learning rate:
0.01

--number of epoches:
1

--number of batches:
1024

--number of samples per batch:
512

--FNN fc1 weights:
Parameter containing:
tensor([[-6.8911e-04,  7.0775e-01],
        [-4.9975e-01, -1.1914e-01]], requires_grad=True)

--GNN fc1 weights:
Parameter containing:
tensor([[ 0.1052,  0.0606],
        [-0.0925, -0.2941]], requires_grad=True)

--GNN fc1 bias:
Parameter containing:
tensor([-0.0695, -0.9389], requires_grad=True)

--Testing loss:
tensor(0.0127, grad_fn=<MulBackward0>)

--Training losses:
0.3914381265640259
0.41406744718551636
0.4126894474029541
0.4192419946193695
0.41020047664642334
0.4026927053928375
0.3806781768798828
0.39390966296195984
0.375715970993042
0.3815811574459076
0.3747885227203369
0.358845055103302
0.3791978359222412
0.3550688326358795
0.363097608089447
0.3378967046737671
0.36079922318458557
0.36300167441368103
0.3432381749153137
0.36775028705596924
0.3807801604270935
0.3746059536933899
0.35149914026260376
0.34153711795806885
0.3405608832836151
0.3384925127029419
0.3298020362854004
0.33177897334098816
0.33299145102500916
0.3185524046421051
0.34828972816467285
0.3099769651889801
0.3216138780117035
0.3323640823364258
0.3086961507797241
0.3276643753051758
0.3171274662017822
0.3042280375957489
0.307788223028183
0.2892703115940094
0.3144453465938568
0.2843678593635559
0.2883273959159851
0.2940613627433777
0.2914904057979584
0.2848348021507263
0.315080851316452
0.2931741178035736
0.3007107377052307
0.3090972900390625
0.30688321590423584
0.2753584682941437
0.30844777822494507
0.28731098771095276
0.2829592227935791
0.27821430563926697
0.27701133489608765
0.2635619342327118
0.26898834109306335
0.28123635053634644
0.268232524394989
0.26605385541915894
0.2549504041671753
0.2655439078807831
0.27550071477890015
0.2762300968170166
0.26318371295928955
0.2763955891132355
0.26918935775756836
0.24994608759880066
0.2628609836101532
0.25403088331222534
0.2775186598300934
0.2678472101688385
0.23848511278629303
0.28173956274986267
0.260715126991272
0.2808460295200348
0.25782155990600586
0.2487972378730774
0.25585082173347473
0.2465849220752716
0.25962117314338684
0.25521185994148254
0.23721660673618317
0.23221948742866516
0.23364761471748352
0.23524640500545502
0.256108820438385
0.2175660878419876
0.23058289289474487
0.23480968177318573
0.24071994423866272
0.23636719584465027
0.2129993736743927
0.24336832761764526
0.23889201879501343
0.2512984573841095
0.2308058738708496
0.23638106882572174
0.23200631141662598
0.2286149114370346
0.2204826921224594
0.21061541140079498
0.2125544250011444
0.21603436768054962
0.21300940215587616
0.21887105703353882
0.2135743945837021
0.23219287395477295
0.21018379926681519
0.22192929685115814
0.21868449449539185
0.19478386640548706
0.2072196900844574
0.2167089581489563
0.199657142162323
0.2062407284975052
0.194852814078331
0.23221541941165924
0.19649070501327515
0.19301088154315948
0.2091529369354248
0.2124471664428711
0.18819259107112885
0.19468462467193604
0.208194300532341
0.1968698501586914
0.20380909740924835
0.1973937451839447
0.205850750207901
0.1867123544216156
0.19323639571666718
0.19866958260536194
0.18412092328071594
0.18856562674045563
0.19126035273075104
0.21727047860622406
0.21278169751167297
0.20694026350975037
0.19983471930027008
0.2223093956708908
0.18380318582057953
0.18304702639579773
0.2027917504310608
0.19055962562561035
0.18481266498565674
0.20135918259620667
0.19680099189281464
0.1946038454771042
0.20705223083496094
0.19370251893997192
0.1826341301202774
0.18202677369117737
0.17703811824321747
0.17021147906780243
0.18104100227355957
0.1951439529657364
0.18558049201965332
0.18472936749458313
0.16945765912532806
0.18398775160312653
0.17478451132774353
0.1890018731355667
0.16699150204658508
0.17508725821971893
0.1573161482810974
0.17081218957901
0.1767507642507553
0.17866091430187225
0.17521625757217407
0.1697573959827423
0.1828056126832962
0.16616883873939514
0.17010405659675598
0.17186126112937927
0.16941800713539124
0.17966467142105103
0.18415112793445587
0.17064985632896423
0.16162854433059692
0.1558198481798172
0.16141559183597565
0.17901252210140228
0.17449934780597687
0.15893717110157013
0.1540970355272293
0.1706884801387787
0.1738862246274948
0.16361157596111298
0.16430513560771942
0.16929030418395996
0.1547081023454666
0.15235675871372223
0.16022779047489166
0.16811123490333557
0.15626460313796997
0.14017152786254883
0.15853570401668549
0.15309418737888336
0.15896259248256683
0.16410326957702637
0.1536179929971695
0.15548276901245117
0.14810405671596527
0.1639021784067154
0.1573125272989273
0.14120809733867645
0.15089742839336395
0.14525416493415833
0.153849795460701
0.1526906043291092
0.15692368149757385
0.1547738015651703
0.15220457315444946
0.132433220744133
0.14505676925182343
0.1400941163301468
0.1501464992761612
0.15090914070606232
0.15026861429214478
0.14728514850139618
0.1429487019777298
0.13702045381069183
0.15091055631637573
0.1358046978712082
0.14486370980739594
0.15113893151283264
0.15520794689655304
0.1477167010307312
0.14487752318382263
0.14345422387123108
0.1396418660879135
0.15124055743217468
0.1339299976825714
0.14037670195102692
0.1339392364025116
0.1335606575012207
0.14117693901062012
0.12431774288415909
0.1323622763156891
0.13343536853790283
0.1391124427318573
0.1403157263994217
0.1188863068819046
0.14484041929244995
0.12766942381858826
0.1471252590417862
0.14675697684288025
0.13261248171329498
0.13107028603553772
0.13706110417842865
0.13252194225788116
0.13067154586315155
0.12720970809459686
0.13590000569820404
0.13657823204994202
0.12157360464334488
0.1226898655295372
0.1276271492242813
0.12106773257255554
0.12194453924894333
0.12233898043632507
0.12059009820222855
0.11566143482923508
0.11826656758785248
0.11744420975446701
0.12188567221164703
0.11852428317070007
0.12585480511188507
0.12206649035215378
0.12336772680282593
0.12604035437107086
0.11899849027395248
0.12277451902627945
0.12278611212968826
0.1233513131737709
0.12106561660766602
0.13006235659122467
0.11086039245128632
0.11802632361650467
0.12714865803718567
0.11573658883571625
0.1253148764371872
0.11945977061986923
0.1229124516248703
0.122869573533535
0.11652984470129013
0.11017473042011261
0.12603755295276642
0.12546385824680328
0.10620153695344925
0.1160917654633522
0.11791867017745972
0.11516506224870682
0.12029258161783218
0.12505888938903809
0.12322215735912323
0.11260611563920975
0.11311013251543045
0.11267677694559097
0.10499206930398941
0.11601946502923965
0.10273565351963043
0.10888144373893738
0.12471242994070053
0.10978139191865921
0.10768117010593414
0.11752985417842865
0.10860107839107513
0.11488936841487885
0.10687429457902908
0.1095486432313919
0.10707232356071472
0.11376141756772995
0.10952769964933395
0.10629725456237793
0.10822964459657669
0.10318029671907425
0.10113704204559326
0.10395900160074234
0.10120616108179092
0.10419691354036331
0.10462091863155365
0.10603392124176025
0.09415939450263977
0.10818730294704437
0.09866661578416824
0.09901668131351471
0.10285335779190063
0.0910186842083931
0.09828716516494751
0.09821592271327972
0.1053566038608551
0.10224701464176178
0.09994693100452423
0.10057257860898972
0.0986449345946312
0.09753680974245071
0.10357634723186493
0.09551576524972916
0.090678870677948
0.09166980534791946
0.09783843159675598
0.09925667196512222
0.09124307334423065
0.09510436654090881
0.09630179405212402
0.09270686656236649
0.09486975520849228
0.09046179801225662
0.09946662932634354
0.09021881222724915
0.09671628475189209
0.0950351431965828
0.09327569603919983
0.09005634486675262
0.0914842039346695
0.10351363569498062
0.08805404603481293
0.09268223494291306
0.09703423082828522
0.08719222247600555
0.09169915318489075
0.09710854291915894
0.08872698247432709
0.08410908281803131
0.08913799375295639
0.08283452689647675
0.09392464905977249
0.0899367406964302
0.09186892956495285
0.08517512679100037
0.09304125607013702
0.0902581512928009
0.08702854812145233
0.08576861768960953
0.09278499335050583
0.09169719368219376
0.08650948107242584
0.09024628251791
0.08660677075386047
0.09233127534389496
0.087810218334198
0.08397943526506424
0.09441015869379044
0.08964195847511292
0.08508821576833725
0.0783936083316803
0.08275657892227173
0.08475778251886368
0.07904767990112305
0.07682210952043533
0.08950978517532349
0.08283810317516327
0.08276296406984329
0.08516533672809601
0.07981902360916138
0.09248603880405426
0.07563260197639465
0.08085238188505173
0.08480533957481384
0.07972182333469391
0.07990015298128128
0.07763583958148956
0.07756512612104416
0.07898305356502533
0.08149179071187973
0.08336463570594788
0.07922421395778656
0.07773461937904358
0.07883521914482117
0.07313503324985504
0.07529621571302414
0.07242435216903687
0.06866182386875153
0.06868855655193329
0.07744885981082916
0.07562475651502609
0.0726432353258133
0.07590991258621216
0.08001521229743958
0.07534507662057877
0.0751333087682724
0.07075146585702896
0.07309678941965103
0.07452414929866791
0.07481558620929718
0.07674548029899597
0.07455431669950485
0.06800506263971329
0.07156088203191757
0.07278737425804138
0.07450263947248459
0.07196328043937683
0.07777005434036255
0.0756252333521843
0.06997310370206833
0.06873103976249695
0.06872980296611786
0.07469163089990616
0.06713230907917023
0.0646103098988533
0.06532208621501923
0.06676030158996582
0.07031668722629547
0.06602355092763901
0.07248201221227646
0.07207722216844559
0.06906186789274216
0.06561006605625153
0.06519320607185364
0.07118560373783112
0.07024175673723221
0.07223471254110336
0.067013680934906
0.0665799081325531
0.07055909931659698
0.06405626237392426
0.07242222130298615
0.06261008232831955
0.06888096779584885
0.06563420593738556
0.06486473977565765
0.06812687963247299
0.06425908952951431
0.0648847222328186
0.06824170053005219
0.0670812577009201
0.06553108990192413
0.06518378853797913
0.0627281665802002
0.064885213971138
0.0652947723865509
0.0657636821269989
0.06575188040733337
0.05591023340821266
0.060481514781713486
0.06489364057779312
0.06254476308822632
0.06463269889354706
0.058651071041822433
0.06534921377897263
0.06663958728313446
0.059709254652261734
0.06254510581493378
0.06151210516691208
0.058739300817251205
0.06091248616576195
0.06454891711473465
0.06264583766460419
0.06163029000163078
0.06066504493355751
0.05809233337640762
0.06251734495162964
0.060495391488075256
0.05957255885004997
0.062384918332099915
0.062118854373693466
0.06328984349966049
0.06055664271116257
0.06208917871117592
0.060349538922309875
0.055715546011924744
0.05364226549863815
0.05421804264187813
0.061573851853609085
0.059745464473962784
0.054509326815605164
0.05993247777223587
0.059133801609277725
0.05733512341976166
0.062358956784009933
0.05978989601135254
0.05789681524038315
0.05436054617166519
0.05550266057252884
0.055288881063461304
0.05186096578836441
0.052795302122831345
0.05149490013718605
0.05771081894636154
0.0546371266245842
0.05805714428424835
0.0509844534099102
0.055536605417728424
0.051778893917798996
0.05387214571237564
0.05159352719783783
0.058172352612018585
0.05441538244485855
0.05133834108710289
0.0544264018535614
0.055307380855083466
0.05221801623702049
0.051556527614593506
0.051937080919742584
0.055064328014850616
0.05041050538420677
0.04870742931962013
0.05162251368165016
0.04836471006274223
0.05243535339832306
0.051674868911504745
0.051564086228609085
0.049713246524333954
0.0511331632733345
0.05088735371828079
0.049047764390707016
0.04940440133213997
0.0469854474067688
0.05364903062582016
0.05203884094953537
0.04864252731204033
0.05148550495505333
0.04819677397608757
0.045565199106931686
0.050946399569511414
0.04628807678818703
0.04712017625570297
0.05009593814611435
0.04673492908477783
0.052462559193372726
0.0450558215379715
0.048177480697631836
0.04774697124958038
0.0498354434967041
0.045764483511447906
0.04571792110800743
0.046940870583057404
0.041870273649692535
0.04695731773972511
0.0484798438847065
0.042854782193899155
0.048176635056734085
0.04345208406448364
0.04439052194356918
0.0422632172703743
0.04741368815302849
0.04619362950325012
0.04232525825500488
0.05016053467988968
0.04737020656466484
0.04841099679470062
0.04399913176894188
0.044665515422821045
0.04693036526441574
0.042470455169677734
0.0444510281085968
0.044215090572834015
0.0441509410738945
0.04417366907000542
0.04351428523659706
0.041857969015836716
0.04276757687330246
0.04414241388440132
0.042195916175842285
0.043690234422683716
0.04406095668673515
0.04807955399155617
0.04459458589553833
0.044610556215047836
0.041255321353673935
0.040180087089538574
0.04197445884346962
0.04096362739801407
0.041981637477874756
0.04444035887718201
0.0406360849738121
0.041667163372039795
0.041628576815128326
0.037222884595394135
0.04187348857522011
0.04186844825744629
0.04432813450694084
0.04287085309624672
0.04263348877429962
0.041133515536785126
0.039553701877593994
0.039744168519973755
0.041556987911462784
0.040178220719099045
0.04186634719371796
0.03893488645553589
0.04020318016409874
0.037700455635786057
0.04117120802402496
0.040337879210710526
0.040555667132139206
0.039958298206329346
0.038276899605989456
0.040030572563409805
0.03597389906644821
0.03603047505021095
0.03543851152062416
0.03659837692975998
0.03876712545752525
0.03821193426847458
0.0400804840028286
0.03910394012928009
0.03667937591671944
0.03874748945236206
0.03649140149354935
0.03447208181023598
0.03669368848204613
0.034320056438446045
0.0366121381521225
0.03613109886646271
0.037074994295835495
0.0370032973587513
0.04028671607375145
0.038527537137269974
0.0358533151447773
0.03813180699944496
0.03745346516370773
0.0375669002532959
0.03922807052731514
0.03684614971280098
0.0361221544444561
0.03698766976594925
0.03935110941529274
0.03196984902024269
0.03735722601413727
0.03783459961414337
0.038107361644506454
0.03531789407134056
0.03561091050505638
0.038569070398807526
0.03290330618619919
0.03411554917693138
0.03476766124367714
0.035920388996601105
0.03356414660811424
0.035940028727054596
0.031584400683641434
0.036020733416080475
0.034724049270153046
0.036794815212488174
0.0329032801091671
0.03308657556772232
0.033161308616399765
0.03241010010242462
0.03184868395328522
0.03251267597079277
0.03242039680480957
0.03465636819601059
0.03388477861881256
0.03308003395795822
0.03429348021745682
0.0341605469584465
0.031324151903390884
0.030922524631023407
0.030034789815545082
0.032807186245918274
0.03534020483493805
0.0324072539806366
0.033288754522800446
0.03139514848589897
0.031212983652949333
0.033122893422842026
0.02958161197602749
0.03158821910619736
0.03305589035153389
0.0343589261174202
0.032746732234954834
0.031009389087557793
0.03273101896047592
0.030929045751690865
0.031026389449834824
0.03219566494226456
0.02981041744351387
0.030619923025369644
0.029261093586683273
0.030691415071487427
0.02891053818166256
0.029967384412884712
0.029592365026474
0.03056652471423149
0.03062809444963932
0.03058062307536602
0.03021928481757641
0.0316864438354969
0.028379537165164948
0.030128318816423416
0.030272332951426506
0.026987608522176743
0.029158631339669228
0.028371883556246758
0.02815113216638565
0.030445830896496773
0.02990644983947277
0.02974884957075119
0.029735075309872627
0.030024779960513115
0.028893038630485535
0.028239477425813675
0.02857830934226513
0.02794765681028366
0.02858273684978485
0.026055820286273956
0.028343060985207558
0.0287852231413126
0.02755335532128811
0.02954741008579731
0.027981458231806755
0.027736863121390343
0.02686041221022606
0.02618313394486904
0.02642221562564373
0.027451569214463234
0.028900058940052986
0.02864374965429306
0.026805352419614792
0.02419566921889782
0.025985239073634148
0.02551918476819992
0.02768569253385067
0.029230166226625443
0.02736305445432663
0.026569465175271034
0.027041111141443253
0.02695944346487522
0.025547651574015617
0.026897020637989044
0.024774760007858276
0.026295900344848633
0.0269599799066782
0.02559603936970234
0.027306169271469116
0.025908149778842926
0.024799399077892303
0.025259945541620255
0.02657015062868595
0.027202581986784935
0.027118725702166557
0.0246752742677927
0.023676320910453796
0.02689138986170292
0.02528180554509163
0.025436947122216225
0.02714959904551506
0.026251746341586113
0.026206329464912415
0.02532026916742325
0.02361103892326355
0.023638291284441948
0.023555731400847435
0.02408527210354805
0.022749755531549454
0.02143438532948494
0.02296716906130314
0.024312052875757217
0.02259822189807892
0.023217320442199707
0.024222563952207565
0.02585424855351448
0.022212427109479904
0.02338634617626667
0.023617831990122795
0.022477272897958755
0.021537233144044876
0.01994185708463192
0.024631474167108536
0.021877331659197807
0.023114416748285294
0.023051530122756958
0.022597074508666992
0.023179437965154648
0.021554354578256607
0.02448282018303871
0.02145214006304741
0.021733133122324944
0.022585028782486916
0.023454435169696808
0.024244995787739754
0.021122587844729424
0.020570529624819756
0.02120785228908062
0.02076122723519802
0.023428939282894135
0.022813504561781883
0.021754834800958633
0.02080671675503254
0.02217467874288559
0.021575452759861946
0.02185772731900215
0.021261245012283325
0.02322063222527504
0.022698627784848213
0.01997712254524231
0.02178899571299553
0.020193301141262054
0.022480515763163567
0.021241560578346252
0.02055424451828003
0.02040492370724678
0.02001095376908779
0.02042396180331707
0.021199803799390793
0.020705588161945343
0.020383566617965698
0.02182031236588955
0.020525489002466202
0.019341664388775826
0.0199524387717247
0.020831648260354996
0.020319750532507896
0.019658105447888374
0.018789522349834442
0.018765518441796303
0.01997150480747223
0.019859980791807175
0.020154127851128578
0.019154921174049377
0.017660578712821007
0.01816093549132347
0.02011215128004551
0.020133888348937035
0.021848119795322418
0.019376197829842567
0.018061229959130287
0.020054984837770462
0.019669465720653534
0.019980451092123985
0.019437648355960846
0.01963798701763153
0.017725104466080666
0.018722951412200928
0.017978742718696594
0.019173866137862206
0.017891565337777138
0.01733694225549698
0.01798098348081112
0.019345346838235855
0.018409429118037224
0.019695686176419258
0.019126880913972855
0.020796727389097214
0.01943735033273697
0.019276734441518784
0.01783651113510132
0.018907291814684868
0.01817033439874649
0.017611833289265633
0.019241832196712494
0.017920393496751785
0.01762976124882698
0.016987541690468788
0.0190268624573946
0.016762536019086838
0.017809899523854256
0.015972591936588287
0.018166739493608475
0.016919413581490517
0.01799040473997593
0.017725007608532906
0.018072284758090973
0.01522749848663807
0.017669502645730972
0.0171512421220541
0.016659416258335114
0.017607910558581352
0.016865726560354233
0.01771758496761322
0.01797259971499443
0.016789225861430168
0.016065236181020737
0.01752777397632599
0.018504664301872253
0.015222017653286457
0.01692909561097622
0.017671430483460426
0.015528742223978043
0.01737006939947605
0.018155131489038467
0.018347425386309624
0.016627531498670578
0.016080377623438835
0.01753316819667816
0.014322815462946892
0.016328144818544388
0.015825850889086723
0.016076305881142616
0.015589450486004353
0.014562555588781834
0.01653997413814068
0.015398851595818996
0.017386525869369507
0.015547011978924274
0.016567843034863472
0.01729484833776951
0.016118695959448814
0.015605790540575981
0.015289587900042534
0.014555901288986206
0.015538758598268032
0.01619623601436615
0.015701698139309883
0.014424501918256283
0.015419880859553814
0.014934420585632324
0.01507712621241808
0.013577884063124657
0.01488610077649355
0.016195302829146385
0.016244729980826378
0.01407400332391262
0.013948594219982624
0.014761233702301979
0.015880754217505455
0.014195199124515057
0.014528296887874603
0.01441176887601614
0.014409941621124744
0.01578107289969921
0.014847352169454098
0.01488873828202486
0.01584411971271038
0.015156974084675312
0.014385484158992767
0.014568095095455647
0.014029987156391144
0.014724574983119965
0.015121524222195148
0.01466942299157381
0.01410374790430069
0.014923744834959507
0.014621555805206299
0.014295302331447601
0.015107987448573112
0.014388266019523144
0.013523722998797894
0.01447165198624134
0.014456605538725853
0.012801269069314003
0.013322054408490658
0.014177626930177212
0.013753717765212059
0.014559093862771988
0.01292493101209402
0.012862187810242176
0.01278715394437313
0.014443814754486084
0.014180079102516174
0.014706891030073166
0.013697199523448944
0.014521518722176552
0.01313271839171648
0.01372840441763401
0.013053921982645988
0.012564296834170818
0.014408323913812637
0.014001674950122833
0.012280741706490517
0.013178030028939247
0.013550548814237118
0.011987457983195782
0.011974943801760674
0.012515418231487274
0.012914028018712997
0.013041481375694275
0.012224202044308186
0.013077481649816036
0.011768552474677563
0.012532975524663925
0.012344792485237122
0.012134778313338757
0.013224667869508266
0.013382771983742714
0.01299076434224844
0.012809189036488533
0.013032559305429459
0.0127193508669734
0.011788531206548214
0.013100790791213512
0.01227768324315548
0.012808420695364475
0.011936858296394348
0.012612638995051384
0.012198504991829395
0.012190946377813816
0.012414554134011269
0.01185289490967989
0.012143140658736229
