--name:
20221114_1153

--model type:
DHO

--controlled system:
True

--lyapunov correction:
False

--learning rate:
0.01

--number of epoches:
1

--number of batches:
1024

--number of samples per batch:
512

--FNN fc1 weights:
Parameter containing:
tensor([[-2.4964e-04,  8.2191e-01],
        [-4.9960e-01, -5.6633e-02]], requires_grad=True)

--GNN fc1 weights:
Parameter containing:
tensor([[ 0.0368, -0.3949],
        [-0.1266,  0.2001]], requires_grad=True)

--GNN fc1 bias:
Parameter containing:
tensor([-0.0241, -0.9159], requires_grad=True)

--Testing loss:
tensor(0.0101, grad_fn=<MulBackward0>)

--Training losses:
1.505143165588379
1.463465929031372
1.4930932521820068
1.3742132186889648
1.3866677284240723
1.3375060558319092
1.2989606857299805
1.456601858139038
1.3226499557495117
1.3010258674621582
1.194309949874878
1.136879324913025
1.1569209098815918
1.127071499824524
1.179592251777649
1.1460673809051514
1.149483323097229
1.0133702754974365
1.0523947477340698
1.0843322277069092
0.9613368511199951
1.0910037755966187
0.9966405630111694
1.0219080448150635
0.978307843208313
0.9724314212799072
0.9594831466674805
0.9364179372787476
0.8468812704086304
0.8513233065605164
0.8761320114135742
0.8382284045219421
0.7703555822372437
0.891273021697998
0.8364349007606506
0.7052240371704102
0.7447994947433472
0.7017433643341064
0.677486777305603
0.7361815571784973
0.7087559700012207
0.7212615609169006
0.6694033145904541
0.6721753478050232
0.6529786586761475
0.6492753028869629
0.6749736666679382
0.6310394406318665
0.6723052263259888
0.6080523729324341
0.5955826044082642
0.6072816848754883
0.6253228187561035
0.5980044603347778
0.6015807390213013
0.5307559967041016
0.5813393592834473
0.541073203086853
0.578998327255249
0.5962196588516235
0.5511964559555054
0.5299701690673828
0.5062008500099182
0.5185098648071289
0.5317378640174866
0.438515841960907
0.4922739267349243
0.46827203035354614
0.48074841499328613
0.43353497982025146
0.47086191177368164
0.4635104537010193
0.46839454770088196
0.4680720269680023
0.434959352016449
0.45735788345336914
0.40523847937583923
0.40731531381607056
0.43188509345054626
0.397095263004303
0.40582576394081116
0.38833239674568176
0.392860472202301
0.40776699781417847
0.39868128299713135
0.3652452230453491
0.3746720552444458
0.39875733852386475
0.40411490201950073
0.3568021059036255
0.3485894203186035
0.3373658061027527
0.3746073246002197
0.39340540766716003
0.33486634492874146
0.31960925459861755
0.3760793209075928
0.30446624755859375
0.3353380262851715
0.32081541419029236
0.3299950957298279
0.2874981760978699
0.28408220410346985
0.28499096632003784
0.29404470324516296
0.29678404331207275
0.27620887756347656
0.285891056060791
0.27961212396621704
0.2775222361087799
0.2681606411933899
0.2523108124732971
0.26121097803115845
0.244533509016037
0.2669910490512848
0.2512909173965454
0.22620368003845215
0.25015056133270264
0.2475382536649704
0.2300228476524353
0.23017655313014984
0.23179826140403748
0.2544407546520233
0.2313479781150818
0.2312600165605545
0.22662226855754852
0.22685950994491577
0.2481868863105774
0.24565395712852478
0.22928792238235474
0.21814042329788208
0.21126492321491241
0.19453684985637665
0.20443347096443176
0.2102082520723343
0.20802803337574005
0.21784578263759613
0.18654188513755798
0.18624290823936462
0.20560552179813385
0.19025294482707977
0.20469090342521667
0.20188674330711365
0.191658154129982
0.17856913805007935
0.1878354549407959
0.1873755156993866
0.18579275906085968
0.18718945980072021
0.1636759340763092
0.18037518858909607
0.1726946383714676
0.174845889210701
0.16134512424468994
0.17849639058113098
0.16110993921756744
0.1797751486301422
0.16901345551013947
0.15897920727729797
0.15625469386577606
0.1434309184551239
0.17184770107269287
0.1514514833688736
0.1578051745891571
0.1601097583770752
0.154624342918396
0.14620615541934967
0.14973768591880798
0.1422487497329712
0.13655753433704376
0.14599429070949554
0.13283489644527435
0.14560505747795105
0.14398305118083954
0.12856335937976837
0.15448683500289917
0.1415238380432129
0.12810692191123962
0.14628590643405914
0.13911323249340057
0.13595092296600342
0.12284542620182037
0.11525227129459381
0.1292613297700882
0.12546296417713165
0.11442705988883972
0.13740769028663635
0.13028638064861298
0.1261591613292694
0.12741366028785706
0.12690278887748718
0.12113222479820251
0.11966212838888168
0.1304621398448944
0.12805017828941345
0.1290532648563385
0.1262383610010147
0.12894536554813385
0.11699287593364716
0.11901755630970001
0.11531589180231094
0.12585651874542236
0.1229950338602066
0.11574337631464005
0.118919238448143
0.11291228979825974
0.113863006234169
0.10085554420948029
0.11438994854688644
0.12399839609861374
0.1147434264421463
0.10322856903076172
0.1051354855298996
0.1147519201040268
0.11062338948249817
0.10779638588428497
0.10038543492555618
0.10381481051445007
0.1014014184474945
0.10158940404653549
0.11470792442560196
0.10269712656736374
0.10505242645740509
0.09304571151733398
0.09375181794166565
0.09297805279493332
0.09253720939159393
0.08924329280853271
0.09517087787389755
0.0985586941242218
0.10133176296949387
0.09885409474372864
0.09312029927968979
0.10241106152534485
0.09378378838300705
0.0980268344283104
0.09360996633768082
0.09697055071592331
0.10065342485904694
0.096439890563488
0.09150560200214386
0.10145477205514908
0.09234656393527985
0.08569425344467163
0.08926829695701599
0.08715261518955231
0.08794071525335312
0.08793593943119049
0.08415751904249191
0.08792581409215927
0.0765521228313446
0.08211115747690201
0.08885189890861511
0.08470889180898666
0.08694971352815628
0.09652676433324814
0.08576751500368118
0.08255862444639206
0.07730867713689804
0.08503592014312744
0.09967314451932907
0.08352084457874298
0.08195044100284576
0.07781559228897095
0.08246426284313202
0.08054874837398529
0.08201141655445099
0.0903928279876709
0.08063147217035294
0.07965205609798431
0.0816025510430336
0.08200749009847641
0.08493487536907196
0.08001913130283356
0.07801398634910583
0.08637294918298721
0.06843214482069016
0.07856670022010803
0.07845999300479889
0.0842527225613594
0.07433958351612091
0.07020959258079529
0.07738394290208817
0.0781342014670372
0.0790819451212883
0.07456842809915543
0.07607682049274445
0.06853501498699188
0.0802815854549408
0.0710478127002716
0.07512810826301575
0.07471605390310287
0.06877727061510086
0.0725412592291832
0.07555071264505386
0.07198093831539154
0.06886858493089676
0.06861749291419983
0.0750647559762001
0.06766407191753387
0.07057755440473557
0.07118278741836548
0.07162472605705261
0.069212906062603
0.06481567025184631
0.07082805037498474
0.07220930606126785
0.06563059240579605
0.06771986186504364
0.06615749001502991
0.0695706382393837
0.07006959617137909
0.07849626243114471
0.06934278458356857
0.06973110139369965
0.07310713082551956
0.06554187834262848
0.06320184469223022
0.07094048708677292
0.06158905848860741
0.06599979847669601
0.06849360466003418
0.0657101571559906
0.06680622696876526
0.05789991468191147
0.05969947576522827
0.06771376729011536
0.06207024306058884
0.07649928331375122
0.05924287065863609
0.06686868518590927
0.05878939852118492
0.06562436372041702
0.06260929256677628
0.06056823953986168
0.07049509882926941
0.06110387295484543
0.0670231431722641
0.06379121541976929
0.06087646633386612
0.05623745918273926
0.0670991837978363
0.058164406567811966
0.06343504786491394
0.06243666261434555
0.06440767645835876
0.06444866210222244
0.057453006505966187
0.056735411286354065
0.06190510839223862
0.06517649441957474
0.05418248847126961
0.054813187569379807
0.06323432922363281
0.05386713519692421
0.059374019503593445
0.05391969531774521
0.05575823038816452
0.05419043451547623
0.05718226730823517
0.05520981550216675
0.04842083156108856
0.052658215165138245
0.05753225088119507
0.05875473469495773
0.05945074185729027
0.0575532503426075
0.06012997776269913
0.05460678040981293
0.05443396419286728
0.05576922371983528
0.055302172899246216
0.05155963823199272
0.05363762378692627
0.055572327226400375
0.05596421658992767
0.04873703420162201
0.0533980131149292
0.05435142666101456
0.04970201477408409
0.05457766354084015
0.050767190754413605
0.051150258630514145
0.05131400004029274
0.05335964635014534
0.05643019080162048
0.05266256630420685
0.051237333565950394
0.05307538062334061
0.05122123286128044
0.05118320509791374
0.05733197182416916
0.050056882202625275
0.0534500852227211
0.05352482944726944
0.0529518648982048
0.04973816126585007
0.0493394173681736
0.04996461793780327
0.05473761260509491
0.05024915933609009
0.050336308777332306
0.049373939633369446
0.05075346678495407
0.05053815618157387
0.052996810525655746
0.05478870868682861
0.04254121333360672
0.05303772911429405
0.045457445085048676
0.050664398819208145
0.05078314617276192
0.047697536647319794
0.04616806283593178
0.0469096377491951
0.05010489374399185
0.04972456768155098
0.05159623920917511
0.04851028323173523
0.044245582073926926
0.04761136695742607
0.05091921240091324
0.044893354177474976
0.051222898066043854
0.044290754944086075
0.04931868612766266
0.05293300747871399
0.04946098476648331
0.04560026526451111
0.04411730915307999
0.05100603774189949
0.04706713929772377
0.04276116192340851
0.04562201350927353
0.04404699429869652
0.046160995960235596
0.04860119894146919
0.04780660197138786
0.04809640347957611
0.04380533844232559
0.04588116332888603
0.04704606533050537
0.04585305601358414
0.04254591464996338
0.049100425094366074
0.04343213140964508
0.044254787266254425
0.04533177986741066
0.044959601014852524
0.04607502371072769
0.04427582398056984
0.046906039118766785
0.0461176335811615
0.04749029129743576
0.03842703998088837
0.05062151327729225
0.047949910163879395
0.040895551443099976
0.04369121044874191
0.044708359986543655
0.043180033564567566
0.04939447343349457
0.044930651783943176
0.04408261924982071
0.043400801718235016
0.043065689504146576
0.03645627945661545
0.04002143070101738
0.04263586550951004
0.04199841991066933
0.03957388177514076
0.04916713759303093
0.046055056154727936
0.041936829686164856
0.04288763552904129
0.04038245230913162
0.0393715426325798
0.039618439972400665
0.04022372141480446
0.0381007082760334
0.044709134846925735
0.035178832709789276
0.039496492594480515
0.043035924434661865
0.03917593136429787
0.03965890407562256
0.04703296348452568
0.03741300478577614
0.039500169456005096
0.03577858582139015
0.035920094698667526
0.03719095513224602
0.03884855657815933
0.040577780455350876
0.039479292929172516
0.03885260224342346
0.031412843614816666
0.03691749647259712
0.040648460388183594
0.038786761462688446
0.03710949793457985
0.03862764313817024
0.0367252342402935
0.03614877536892891
0.036083243787288666
0.03826461732387543
0.03763752058148384
0.03845148906111717
0.03648463636636734
0.03554252162575722
0.03659277409315109
0.036082081496715546
0.03661547601222992
0.031561803072690964
0.03597486391663551
0.03656173497438431
0.03869970142841339
0.03458883985877037
0.0319320484995842
0.029882682487368584
0.03748512268066406
0.03357521444559097
0.03821869194507599
0.032675229012966156
0.03641299903392792
0.03589509800076485
0.031055554747581482
0.03618057444691658
0.0345342643558979
0.03898308798670769
0.037666331976652145
0.0383145846426487
0.03442108631134033
0.0354347787797451
0.036459196358919144
0.03457814082503319
0.03189227357506752
0.03391721099615097
0.03475968539714813
0.037383902817964554
0.03297949582338333
0.03388387709856033
0.03001091629266739
0.03282570838928223
0.03234072029590607
0.030783571302890778
0.03619023412466049
0.03755369409918785
0.03222844749689102
0.03227682784199715
0.03487005457282066
0.03414120525121689
0.03201879560947418
0.029112715274095535
0.02949090301990509
0.031891003251075745
0.03296832740306854
0.03493242338299751
0.03309899568557739
0.031441397964954376
0.034145355224609375
0.03226671367883682
0.030807018280029297
0.030111869797110558
0.03141056001186371
0.03352813050150871
0.03006981685757637
0.03174455836415291
0.0327300988137722
0.0335870198905468
0.029417280107736588
0.0312064066529274
0.03179497644305229
0.028423190116882324
0.029602598398923874
0.03653538227081299
0.030757252126932144
0.029326925054192543
0.03152847662568092
0.027967624366283417
0.03149963915348053
0.028835561126470566
0.029457222670316696
0.027997087687253952
0.02731163613498211
0.030812500044703484
0.02923511154949665
0.029534799978137016
0.03124901093542576
0.031704116612672806
0.025749124586582184
0.026527980342507362
0.030687328428030014
0.028224097564816475
0.02758474089205265
0.03147530555725098
0.0282339658588171
0.02811887115240097
0.029219036921858788
0.03014930710196495
0.02629559487104416
0.028012854978442192
0.029667263850569725
0.027196500450372696
0.029115596786141396
0.03018484264612198
0.025960484519600868
0.029054919257760048
0.027661822736263275
0.031199907884001732
0.031152745708823204
0.03154487907886505
0.027005814015865326
0.030240604653954506
0.031999215483665466
0.02875402569770813
0.027737174183130264
0.02467307262122631
0.02576185017824173
0.028214482590556145
0.025716571137309074
0.028199275955557823
0.027538008987903595
0.0291997492313385
0.02922932803630829
0.026121487841010094
0.027737785130739212
0.028696594759821892
0.02668750286102295
0.02894953452050686
0.027142420411109924
0.02888030931353569
0.027560720220208168
0.025635046884417534
0.025896158069372177
0.028598666191101074
0.023853907361626625
0.024931561201810837
0.02705497108399868
0.029229536652565002
0.027568593621253967
0.02567644789814949
0.024082306772470474
0.022981001064181328
0.025673355907201767
0.02315683104097843
0.023373303934931755
0.023912420496344566
0.02674141153693199
0.02429523691534996
0.025692271068692207
0.025518475100398064
0.0227072611451149
0.025371171534061432
0.024711105972528458
0.024075720459222794
0.023477599024772644
0.024573635309934616
0.02423272095620632
0.025396186858415604
0.02570538967847824
0.022813793271780014
0.021122105419635773
0.02492215856909752
0.02719048783183098
0.025945959612727165
0.024077799171209335
0.02239166758954525
0.022358207032084465
0.025633011013269424
0.025792375206947327
0.021949652582406998
0.022218139842152596
0.02287830412387848
0.02221026085317135
0.024809058755636215
0.02254510298371315
0.02500106580555439
0.020900478586554527
0.02446087636053562
0.020430630072951317
0.02450593188405037
0.023185644298791885
0.0225126463919878
0.02349383756518364
0.02644442766904831
0.02348073199391365
0.021158311516046524
0.023123513907194138
0.0240772757679224
0.02541505917906761
0.0250345841050148
0.021905547007918358
0.021652093157172203
0.02474786341190338
0.023103784769773483
0.022887088358402252
0.020009513944387436
0.021746480837464333
0.021931035444140434
0.02264760434627533
0.02434656023979187
0.02085934206843376
0.022043537348508835
0.021821288391947746
0.02298198640346527
0.02080632746219635
0.021098047494888306
0.02127363346517086
0.02064833603799343
0.02344023808836937
0.02057313732802868
0.02259974181652069
0.02023348957300186
0.024360977113246918
0.020279712975025177
0.019150391221046448
0.01979936845600605
0.02261420525610447
0.02085082046687603
0.020381176844239235
0.01865086704492569
0.01902119442820549
0.019658207893371582
0.020501546561717987
0.021083064377307892
0.021760672330856323
0.02047349326312542
0.020292282104492188
0.020694121718406677
0.01793636754155159
0.02344866655766964
0.019711356610059738
0.0184349212795496
0.023154182359576225
0.02308538183569908
0.020075831562280655
0.020496729761362076
0.019701696932315826
0.017767833545804024
0.019432032480835915
0.01929028332233429
0.02154739759862423
0.019818153232336044
0.022320348769426346
0.019868141040205956
0.01680941693484783
0.020422961562871933
0.020409762859344482
0.02003784291446209
0.01691892184317112
0.018661031499505043
0.018869992345571518
0.020547978579998016
0.017244789749383926
0.018151599913835526
0.019957713782787323
0.020046863704919815
0.017612971365451813
0.0208877045661211
0.018064700067043304
0.016107680276036263
0.021078474819660187
0.01787719503045082
0.01921543851494789
0.0205802284181118
0.02004006691277027
0.01777649112045765
0.02078397572040558
0.01804555580019951
0.016953181475400925
0.017396392300724983
0.02127395011484623
0.01637592725455761
0.01712225191295147
0.019170695915818214
0.01847526617348194
0.017510879784822464
0.019248874858021736
0.021810097619891167
0.01981373131275177
0.016853410750627518
0.02010038122534752
0.017804954200983047
0.019238216802477837
0.01861061155796051
0.01814488135278225
0.018181316554546356
0.01852370612323284
0.016249695792794228
0.018110930919647217
0.017025280743837357
0.01769225485622883
0.018371663987636566
0.017459463328123093
0.01856822706758976
0.01760903187096119
0.017763495445251465
0.01720820739865303
0.016986379399895668
0.017996424809098244
0.016848869621753693
0.017176639288663864
0.017081119120121002
0.01763870194554329
0.017460186034440994
0.01564870774745941
0.01551658846437931
0.017933430150151253
0.016173729673027992
0.017636466771364212
0.016110476106405258
0.01624097116291523
0.017430469393730164
0.015411026775836945
0.017936691641807556
0.015161372721195221
0.01634330488741398
0.0153414998203516
0.01553343702107668
0.016054190695285797
0.015565501525998116
0.01840190589427948
0.01615927927196026
0.01694532111287117
0.015181067399680614
0.01612136699259281
0.015507061034440994
0.015942808240652084
0.016165468841791153
0.014974374324083328
0.015976913273334503
0.01675218902528286
0.014310745522379875
0.01497053261846304
0.01664116233587265
0.014808224514126778
0.016086768358945847
0.014790640212595463
0.0150428656488657
0.015352763235569
0.015474097803235054
0.01784813404083252
0.016396284103393555
0.01616954803466797
0.01631222292780876
0.016204113140702248
0.015995359048247337
0.01669321581721306
0.013747433200478554
0.014861884526908398
0.01693730428814888
0.016591737046837807
0.017373481765389442
0.01345649641007185
0.016303639858961105
0.01690548285841942
0.013269460760056973
0.017792612314224243
0.014062311500310898
0.01383696123957634
0.014620733447372913
0.013372216373682022
0.01590605266392231
0.014018308371305466
0.01705186627805233
0.01570255309343338
0.015054434537887573
0.015338932164013386
0.01617901772260666
0.015305653214454651
0.014649765565991402
0.013384249061346054
0.014421720057725906
0.013829577714204788
0.014147978276014328
0.013618946075439453
0.015238286927342415
0.014044065028429031
0.013364987447857857
0.014093926176428795
0.013295185752213001
0.014099485240876675
0.012223992496728897
0.013908551074564457
0.013891131617128849
0.013014011085033417
0.013510828837752342
0.013627957552671432
0.014219433069229126
0.01555997971445322
0.014465195126831532
0.01476228516548872
0.012941166758537292
0.012590393424034119
0.016477126628160477
0.014280076138675213
0.014004569500684738
0.012733622454106808
0.013764483854174614
0.013174773193895817
0.01353579480201006
0.013139463029801846
0.013789842836558819
0.014201881363987923
0.013503889553248882
0.014026694931089878
0.013251451775431633
0.013036384247243404
0.014425710774958134
0.011512837372720242
0.012720584869384766
0.013333315029740334
0.013125150464475155
0.01393728144466877
0.01182403415441513
0.013574061915278435
0.013793825171887875
0.011944604106247425
0.012541322037577629
0.012600088492035866
0.013985409401357174
0.013363927602767944
0.012635618448257446
0.01358059048652649
0.01278403028845787
0.012458918616175652
0.011034972034394741
0.012627432122826576
0.012339936569333076
0.013289169408380985
0.013645641505718231
0.014055331237614155
0.012021981179714203
0.013157283887267113
0.013470930978655815
0.012637450359761715
0.012219094671308994
0.011779400520026684
0.013592647388577461
0.012328613549470901
0.010957689955830574
0.011912278831005096
0.011333358474075794
0.012192981317639351
0.012493460439145565
0.011138166300952435
0.013259448111057281
0.011269139125943184
0.012140200473368168
0.011798004619777203
0.012462923303246498
0.012192150577902794
0.01186278648674488
0.012701652012765408
0.014371952041983604
0.012461930513381958
0.010872632265090942
0.011928707361221313
0.012024094350636005
0.0117771215736866
0.012266179546713829
0.011788214556872845
0.012581458315253258
0.010358060710132122
0.013122416101396084
0.01114732027053833
0.011470166966319084
0.011853201314806938
0.010877488180994987
0.011645084246993065
0.011618193238973618
0.01186998188495636
0.012413350865244865
0.010931504890322685
0.010642891749739647
0.012463238090276718
0.01399737223982811
0.011872113682329655
0.01095325592905283
0.011032454669475555
0.0106434915214777
0.011945698410272598
0.011913640424609184
0.01160720456391573
0.012026600539684296
0.010571257211267948
0.010666942223906517
0.010351983830332756
0.01055501401424408
0.011545906774699688
0.010647445917129517
0.01071397215127945
0.011784031055867672
0.010361419059336185
0.009623889811336994
0.01068141870200634
0.01111974474042654
0.01051519624888897
0.011420791037380695
0.010209590196609497
0.012510326690971851
0.010957490652799606
0.010133316740393639
0.011776626110076904
0.00964110903441906
0.011003084480762482
0.00964911188930273
0.009528839029371738
0.01068024430423975
0.009902502410113811
0.00986079778522253
0.012499285861849785
0.010550838895142078
0.01213448029011488
0.011124384589493275
0.008924991823732853
0.011010968126356602
0.01098178792744875
0.01070796325802803
0.010448832996189594
0.011589877307415009
0.011133675463497639
0.010547424666583538
