--name:
20221024_1613

--model type:
continuous_stirred_tank_reactor

--controlled system:
True

--lyapunov correction:
True

--learning rate:
0.0005

--number of epoches:
20

--number of batches:
100

--number of samples per batch:
100

--FNN fc1 weights:
Parameter containing:
tensor([[-3.2212e-01,  4.1965e-01],
        [ 9.8109e-02, -4.1686e-01],
        [ 4.1967e-01, -3.1509e-01],
        [ 5.7977e-01, -4.9104e-01],
        [ 1.7393e-01, -1.2175e-01],
        [-1.3131e-02, -4.7552e-01],
        [-1.4912e-05,  2.0510e-01],
        [ 3.1382e-01,  8.8682e-02],
        [-6.2805e-01,  5.5794e-01],
        [ 1.3274e-01, -4.9211e-01],
        [-2.4006e-01,  1.6080e-03],
        [-1.9855e-01,  1.7788e-01],
        [-2.3048e-01,  1.1774e-01],
        [-3.7923e-01,  3.9787e-01],
        [-2.6673e-01, -3.3201e-02],
        [ 4.4374e-01, -1.3507e-01],
        [-3.1405e-02, -2.7326e-01],
        [-1.2492e-01,  2.8076e-01],
        [ 5.2933e-01, -4.3357e-01],
        [-4.3392e-01,  5.3855e-01],
        [-1.2300e-01, -3.3078e-01],
        [ 3.8707e-01, -1.8797e-01],
        [-8.1394e-04,  4.8945e-01],
        [ 4.9295e-01, -4.1749e-01],
        [ 2.4147e-01, -2.0428e-01],
        [ 3.5682e-01, -2.4743e-01],
        [ 3.2233e-01, -5.2615e-01],
        [ 1.3387e-02, -4.8221e-01],
        [-6.0722e-01,  3.4389e-01],
        [-4.0219e-01,  3.5878e-01],
        [-4.0277e-01,  3.3090e-01],
        [ 3.7190e-01, -9.2140e-02],
        [ 3.0962e-01, -1.8063e-01],
        [-8.2900e-02, -1.9494e-01],
        [-4.0303e-02,  1.2539e-01],
        [-3.1550e-01, -8.8956e-02],
        [ 3.1929e-01, -1.1727e-01],
        [-3.0285e-02, -4.7784e-01],
        [-8.2796e-02, -3.3065e-01],
        [-1.9519e-02, -5.3109e-01],
        [ 4.7249e-01, -3.0801e-01],
        [-5.0856e-01,  3.4075e-01],
        [-2.3898e-01, -2.6315e-01],
        [-3.3058e-01,  1.6882e-01],
        [ 1.8099e-01, -3.7641e-01],
        [-7.1456e-01,  5.0222e-01],
        [-3.9974e-01,  6.5742e-02],
        [ 1.9842e-01, -4.0387e-01],
        [ 3.1313e-01, -2.2064e-01],
        [ 2.9435e-01, -6.1746e-01],
        [-4.9961e-01,  1.8689e-01],
        [ 2.9543e-01,  5.9479e-02],
        [-4.6528e-01,  4.4522e-02],
        [ 1.6794e-01, -4.0623e-01],
        [-2.4293e-01, -1.2698e-01],
        [ 5.3726e-01, -4.1583e-01],
        [-3.6128e-02, -2.2964e-01],
        [ 4.6590e-02, -2.0926e-01],
        [-1.4806e-01,  2.5069e-01],
        [ 1.1151e-02,  4.3891e-01],
        [ 4.1702e-01, -1.2244e-01],
        [ 2.7104e-01, -4.7663e-01],
        [-2.2652e-01,  2.7255e-01],
        [ 1.8887e-01, -4.9409e-01],
        [ 1.1034e-01,  4.7359e-01],
        [-1.6574e-01,  1.5349e-02],
        [-1.4160e-01,  2.8402e-01],
        [ 1.3427e-01, -2.5934e-02],
        [-1.3994e-01, -1.8454e-01],
        [ 4.9438e-01, -2.5033e-01],
        [-4.3538e-01,  2.5340e-01],
        [-4.3124e-01,  4.0638e-01],
        [-5.7204e-01,  3.7304e-01],
        [ 2.4929e-02,  4.9787e-01],
        [ 5.7511e-02,  3.2783e-01],
        [ 8.4312e-03,  4.0140e-02],
        [ 3.4849e-01, -4.4719e-01],
        [ 6.5537e-02,  4.1420e-01],
        [-9.3606e-02, -3.8680e-01],
        [-5.8721e-01,  3.9911e-01]], requires_grad=True)

--GNN fc1 weights:
Parameter containing:
tensor([[11.3351,  9.7611],
        [-6.1462, -6.3192]], requires_grad=True)

--GNN fc1 bias:
Parameter containing:
tensor([ 9.3555, -2.7633], requires_grad=True)

--Testing loss:
tensor(1027597.3125, grad_fn=<MulBackward0>)

--Training losses:
5377.52783203125
4586.15576171875
4499.70751953125
4645.12255859375
3250.55615234375
2888.804931640625
3070.420654296875
2517.2900390625
2503.302734375
5557.482421875
4072.490478515625
2977.3095703125
1170.4625244140625
2107.28466796875
2538.51806640625
4147.32470703125
5231.9873046875
4948.20751953125
4454.3232421875
3417.4091796875
1537.83837890625
2272.42138671875
2132.67236328125
4161.5263671875
4327.94970703125
2123.820556640625
1516.828125
3052.552978515625
1261.1304931640625
2696.327392578125
3552.6953125
4624.39794921875
4821.431640625
4518.77880859375
5460.12353515625
4693.87060546875
4095.069091796875
5148.64501953125
4795.97412109375
4695.841796875
5297.79541015625
4548.9326171875
4476.2177734375
4447.88525390625
4054.068115234375
3092.330810546875
2636.1572265625
2750.464599609375
4016.64990234375
4329.20361328125
3598.3017578125
2507.7626953125
1488.9718017578125
1246.685302734375
1503.2791748046875
1417.0247802734375
1413.7734375
1141.9024658203125
1227.86962890625
1614.1221923828125
2649.70703125
1164.1689453125
1126.004150390625
954.3334350585938
1161.0721435546875
1368.4326171875
1644.19287109375
1201.1729736328125
1593.7149658203125
1250.1544189453125
1996.583251953125
1229.7078857421875
1006.2039794921875
1045.392822265625
1124.8203125
1326.311279296875
2076.114501953125
985.834716796875
945.876220703125
939.72802734375
1300.8172607421875
1170.121826171875
2112.369140625
1218.767333984375
4765.6162109375
1330.851318359375
1930.438720703125
1068.0989990234375
1260.757568359375
2723.984375
4432.4990234375
3830.911376953125
3981.521728515625
3011.234619140625
2838.64794921875
1757.865234375
855.6506958007812
1350.923828125
1446.4031982421875
2642.52783203125
1660.42138671875
732.5592651367188
910.8366088867188
688.611083984375
834.2894897460938
855.0037231445312
749.1319580078125
803.2313232421875
780.9632568359375
1011.1578979492188
1363.315185546875
2180.19677734375
852.5143432617188
961.9805908203125
834.1080932617188
1161.590087890625
1900.072509765625
752.4107055664062
742.7395629882812
948.072998046875
739.7492065429688
893.3069458007812
751.7880859375
933.72607421875
892.120849609375
802.8800659179688
701.542236328125
773.0747680664062
629.2957153320312
833.267578125
1534.610107421875
2676.91796875
1928.5614013671875
888.1624755859375
704.5928955078125
735.5277709960938
637.3071899414062
731.7188110351562
851.1109008789062
925.3817138671875
667.9118041992188
630.4327392578125
597.3566284179688
543.7129516601562
650.2496948242188
611.3139038085938
537.5864868164062
979.8771362304688
1179.1837158203125
732.1509399414062
576.7218017578125
647.999267578125
779.5071411132812
588.9850463867188
716.256103515625
737.6552124023438
898.9422607421875
1060.2684326171875
1370.2083740234375
663.9805297851562
532.5526123046875
681.5288696289062
616.675048828125
604.4549560546875
732.8937377929688
761.5686645507812
635.1000366210938
635.7166137695312
502.78277587890625
612.1508178710938
627.2734985351562
796.13818359375
739.7579345703125
1022.512939453125
680.5300903320312
723.1530151367188
694.3695068359375
832.5104370117188
579.6202392578125
567.5343017578125
584.6429443359375
640.3741455078125
750.4679565429688
780.1473388671875
825.8053588867188
719.6452026367188
618.9442138671875
704.8445434570312
589.4759521484375
619.5894165039062
575.7933349609375
534.8388061523438
551.1688232421875
512.4649047851562
668.1541748046875
567.1409301757812
455.89501953125
558.7859497070312
522.1484985351562
639.9100952148438
562.8875732421875
452.5504455566406
568.306884765625
537.0380249023438
587.138427734375
587.7792358398438
480.6346130371094
668.9849853515625
584.3173828125
778.3703002929688
616.9183349609375
637.9564208984375
444.8966064453125
628.5206298828125
480.0960388183594
582.2456665039062
591.242919921875
567.2981567382812
555.8224487304688
659.44091796875
478.2335510253906
594.50732421875
464.1859130859375
577.1575927734375
654.808837890625
541.0831298828125
547.4109497070312
641.3289184570312
470.9280090332031
441.32720947265625
504.6549377441406
619.19384765625
506.98876953125
447.9884338378906
520.1254272460938
558.1043090820312
450.7761535644531
489.2686462402344
525.030517578125
477.77252197265625
437.1461181640625
455.6881103515625
426.811279296875
360.7387390136719
413.7860412597656
403.1057434082031
453.0652770996094
806.232177734375
785.0548095703125
541.6167602539062
385.7947082519531
452.7399597167969
556.521484375
403.3498840332031
499.7293395996094
490.2894287109375
542.7294311523438
597.2369995117188
538.8378295898438
454.91497802734375
373.7414855957031
490.6461181640625
456.0809020996094
395.5592041015625
475.7933044433594
493.171875
417.4815979003906
462.3377380371094
338.88037109375
441.8645324707031
403.135498046875
493.0893249511719
430.9351806640625
496.0125427246094
480.699951171875
459.1134033203125
412.0458984375
447.0595703125
385.5382385253906
365.2474060058594
391.92376708984375
434.8096008300781
504.5227966308594
466.16497802734375
596.444580078125
419.1064758300781
412.2550354003906
411.4619445800781
365.0401611328125
410.6305847167969
410.1805725097656
401.90484619140625
405.3854064941406
342.287109375
448.52166748046875
390.7306213378906
303.3381652832031
396.8908996582031
362.7430114746094
389.4281311035156
396.2165832519531
318.0284729003906
405.8754577636719
372.6373291015625
377.70843505859375
404.6056823730469
297.0321350097656
412.7324523925781
368.3389892578125
443.26104736328125
375.6451721191406
357.08245849609375
299.06298828125
433.9234619140625
328.5506896972656
431.96441650390625
413.9037780761719
385.3551940917969
351.87164306640625
468.51495361328125
335.6923828125
432.2665100097656
327.56195068359375
416.0632629394531
460.8416442871094
366.01373291015625
344.0592956542969
423.4058837890625
279.85308837890625
330.84912109375
348.3650817871094
389.76910400390625
368.6131896972656
322.7349548339844
382.7316589355469
398.7121276855469
316.9815673828125
369.68695068359375
367.8349609375
319.4637145996094
311.98211669921875
342.76141357421875
308.1961669921875
253.44387817382812
295.05194091796875
292.20526123046875
322.6357421875
531.7363891601562
434.36260986328125
378.5226135253906
273.117919921875
336.25286865234375
412.5378112792969
292.6805725097656
366.1924133300781
350.91864013671875
380.0311584472656
413.44769287109375
346.28021240234375
325.62860107421875
260.4170837402344
363.5947570800781
329.3655090332031
269.9031982421875
353.70550537109375
359.69390869140625
314.15399169921875
349.01190185546875
238.666748046875
322.6221008300781
275.3385925292969
352.566162109375
306.3896484375
343.4219970703125
363.7854309082031
333.1304931640625
291.2933044433594
318.7204284667969
283.4747619628906
262.5467834472656
287.70367431640625
332.0483093261719
385.3982238769531
350.2245178222656
494.85546875
310.39459228515625
312.7448425292969
304.712646484375
264.05682373046875
313.05767822265625
307.82183837890625
305.44171142578125
297.3170166015625
241.55018615722656
334.32586669921875
295.1706848144531
218.91761779785156
290.9190673828125
260.97869873046875
270.33160400390625
300.5514831542969
239.14105224609375
308.38189697265625
290.2592468261719
279.1926574707031
318.6564025878906
215.3563690185547
311.86761474609375
267.8672790527344
321.4319152832031
267.0275573730469
259.58221435546875
218.86972045898438
329.150146484375
243.0955810546875
331.0975646972656
306.4355773925781
290.77606201171875
262.12158203125
367.22808837890625
257.1897277832031
332.2165222167969
248.4246826171875
322.2207336425781
353.22552490234375
275.2623596191406
254.222900390625
323.5015869140625
210.22921752929688
253.67459106445312
250.7570037841797
278.0240173339844
285.70123291015625
253.51104736328125
296.0694885253906
305.21429443359375
245.08963012695312
293.2011413574219
282.2284851074219
242.21075439453125
238.15884399414062
268.08782958984375
236.9575653076172
191.59963989257812
226.80545043945312
228.17202758789062
247.4758758544922
390.19866943359375
296.8848876953125
295.72509765625
208.4990234375
263.7800598144531
321.8519592285156
227.37936401367188
284.75640869140625
271.34100341796875
293.89849853515625
317.05780029296875
261.15985107421875
249.84767150878906
196.11880493164062
288.8240661621094
257.6692810058594
205.1875762939453
286.7004089355469
282.84368896484375
251.11895751953125
276.9962158203125
183.12564086914062
254.6008758544922
205.4833221435547
276.1946716308594
242.53810119628906
264.1324157714844
295.53460693359375
263.2727966308594
225.96624755859375
247.8330535888672
221.5106964111328
199.94422912597656
224.362060546875
270.0215148925781
311.0210876464844
281.2606506347656
428.1479187011719
248.4748992919922
253.2977294921875
242.8484344482422
206.64120483398438
254.08624267578125
245.14666748046875
248.0078887939453
234.1370391845703
183.9420928955078
268.9879455566406
238.1075897216797
169.75250244140625
225.80714416503906
200.9543914794922
205.44155883789062
241.23941040039062
192.1516876220703
248.16799926757812
241.10777282714844
224.57313537597656
264.5533447265625
169.8964080810547
252.38290405273438
211.89620971679688
257.2803649902344
206.58749389648438
205.91786193847656
173.0391387939453
266.3177185058594
193.15440368652344
266.947265625
243.21337890625
233.8804168701172
209.01705932617188
304.7940979003906
209.97962951660156
270.7578125
201.70249938964844
263.7501220703125
287.63385009765625
222.6772003173828
202.69143676757812
262.9461364746094
170.1572265625
204.7482147216797
199.76983642578125
216.76193237304688
232.9573974609375
212.701416015625
242.60679626464844
248.05859375
202.25245666503906
244.66339111328125
231.03749084472656
197.5526580810547
193.84521484375
220.579345703125
194.21487426757812
155.50343322753906
186.8134307861328
190.2975616455078
202.2392578125
305.7431640625
226.25254821777344
245.3387451171875
169.0357208251953
217.0336456298828
263.1493835449219
188.0961456298828
233.61524963378906
223.11090087890625
242.24972534179688
257.5369873046875
211.681884765625
203.50901794433594
158.11581420898438
242.04527282714844
212.3855743408203
166.67391967773438
244.88787841796875
235.1602020263672
211.53350830078125
231.28892517089844
151.52952575683594
213.6475372314453
164.44935607910156
229.99368286132812
206.17808532714844
215.1199951171875
252.75392150878906
218.9148406982422
187.41546630859375
204.47796630859375
182.50204467773438
160.6078643798828
184.81175231933594
230.98411560058594
262.53558349609375
237.74557495117188
381.8416442871094
210.96270751953125
215.80426025390625
204.19078063964844
171.78944396972656
218.1199951171875
206.14993286132812
212.90988159179688
195.05426025390625
149.7667999267578
228.57394409179688
201.91677856445312
140.7028045654297
184.73382568359375
164.727294921875
169.0780487060547
202.9817352294922
163.4488067626953
209.53872680664062
209.8953094482422
192.07823181152344
228.74606323242188
143.5363311767578
214.04611206054688
178.10220336914062
218.95921325683594
170.26834106445312
173.40310668945312
146.28512573242188
226.44287109375
163.12554931640625
225.21710205078125
204.65577697753906
197.98052978515625
176.67355346679688
264.41070556640625
181.0373992919922
231.98947143554688
173.320556640625
226.55368041992188
245.24490356445312
191.04644775390625
170.7078857421875
223.8974151611328
146.04351806640625
172.95919799804688
170.8304901123047
181.3558807373047
199.0655975341797
188.09579467773438
208.71066284179688
211.1090545654297
175.81553649902344
213.1707763671875
198.97499084472656
169.95884704589844
166.49061584472656
189.54595947265625
167.22634887695312
134.0254669189453
162.39532470703125
167.10580444335938
173.7344512939453
253.0886688232422
186.94102478027344
212.7698974609375
144.64306640625
185.82720947265625
224.45046997070312
164.26405334472656
200.39962768554688
192.84657287597656
209.6613006591797
219.12416076660156
181.45509338378906
173.87759399414062
134.87030029296875
211.75616455078125
182.3701171875
142.68467712402344
217.26641845703125
204.75210571289062
185.78494262695312
201.27517700195312
133.0740509033203
187.28298950195312
139.9887237548828
201.01771545410156
186.0048065185547
186.2609405517578
225.85498046875
190.0772247314453
163.82809448242188
177.74964904785156
157.0370635986328
135.35682678222656
159.47972106933594
205.49639892578125
230.06491088867188
209.94854736328125
348.6972961425781
187.63441467285156
191.40631103515625
179.3118133544922
150.32574462890625
195.84188842773438
180.8957061767578
190.00454711914062
169.83726501464844
128.571044921875
203.1896514892578
178.42640686035156
123.34651947021484
158.1618194580078
141.81117248535156
147.59182739257812
177.75955200195312
145.5160369873047
184.16490173339844
190.083251953125
172.40733337402344
204.5978240966797
128.10484313964844
188.45806884765625
157.29319763183594
195.0931854248047
147.36941528320312
152.71542358398438
130.3993682861328
200.63157653808594
144.89862060546875
197.51536560058594
180.90725708007812
174.56040954589844
156.42300415039062
237.40382385253906
163.0439910888672
206.96893310546875
155.67611694335938
202.41505432128906
217.68263244628906
171.78587341308594
150.9068145751953
198.19874572753906
131.2177734375
152.24423217773438
154.52774047851562
160.48541259765625
176.6861114501953
173.21826171875
186.70237731933594
186.66253662109375
159.24461364746094
192.417724609375
178.42559814453125
152.3615264892578
149.31370544433594
168.81558227539062
149.62689208984375
120.99805450439453
147.26869201660156
153.1474609375
156.00685119628906
219.6859893798828
165.80775451660156
191.2181396484375
129.239013671875
164.50521850585938
198.32174682617188
149.66256713867188
178.50997924804688
173.6911163330078
189.017578125
194.74026489257812
163.27696228027344
154.86488342285156
120.58123779296875
191.68453979492188
161.989013671875
127.67057037353516
199.18389892578125
185.23159790039062
168.57186889648438
180.70594787597656
122.75007629394531
170.87632751464844
125.53756713867188
182.8424835205078
175.55043029785156
168.29017639160156
208.04354858398438
170.55735778808594
148.45167541503906
159.7359619140625
140.769287109375
118.83374786376953
142.8385467529297
188.3851318359375
207.65640258789062
191.8357391357422
324.0851745605469
172.39990234375
175.19064331054688
163.21446228027344
137.2281494140625
181.85345458984375
164.20301818847656
174.7165985107422
153.36007690429688
115.61894226074219
186.486083984375
162.77313232421875
113.03728485107422
140.51121520996094
127.1207504272461
134.43179321289062
160.87826538085938
134.11546325683594
166.89306640625
176.56434631347656
160.2569580078125
188.22518920898438
119.10799407958984
170.8795623779297
144.80381774902344
180.59291076660156
132.93365478515625
139.34695434570312
121.32779693603516
183.9099884033203
133.89852905273438
178.4364013671875
165.4318389892578
158.8038787841797
142.77362060546875
218.7532196044922
151.91778564453125
190.68942260742188
144.5673065185547
186.63909912109375
199.13352966308594
159.96881103515625
137.9869842529297
180.6627960205078
122.08512115478516
138.42503356933594
145.39480590820312
147.00941467285156
161.686279296875
163.954345703125
172.192626953125
170.24282836914062
148.6652069091797
178.65611267089844
164.6393280029297
140.59893798828125
138.51156616210938
154.66854858398438
137.66880798339844
112.7111587524414
137.90924072265625
144.419677734375
144.08460998535156
196.6804656982422
151.9366455078125
176.7919464111328
119.5009536743164
149.7687530517578
180.35899353027344
140.51348876953125
163.93919372558594
161.49818420410156
175.17015075683594
177.6061553955078
151.72097778320312
142.15655517578125
111.56129455566406
178.05519104003906
147.601806640625
118.012939453125
186.56585693359375
172.2267608642578
156.7404022216797
166.66932678222656
116.50214385986328
159.5975341796875
117.05760192871094
171.04376220703125
169.3886260986328
156.12001037597656
196.56842041015625
157.69081115722656
140.00042724609375
148.1438751220703
129.78564453125
107.95148468017578
131.98805236816406
177.01731872558594
191.71066284179688
179.5543670654297
305.7681884765625
163.07456970214844
164.18515014648438
152.20208740234375
128.40159606933594
173.1312255859375
153.52442932128906
164.6876983642578
142.57313537597656
107.7056884765625
174.9110565185547
152.4087677001953
106.98628997802734
128.8231201171875
117.42381286621094
127.13774108886719
149.44061279296875
126.7953109741211
154.91893005371094
167.9792022705078
153.81790161132812
176.47352600097656
113.95491790771484
158.89442443847656
136.44378662109375
171.3319091796875
123.42858123779297
130.26268005371094
115.6614990234375
172.48568725585938
127.18863677978516
165.2145538330078
155.55409240722656
148.08209228515625
133.68780517578125
205.6893310546875
144.98684692382812
179.74679565429688
137.4539031982422
176.27783203125
186.44287109375
152.76022338867188
129.744873046875
168.3700408935547
116.6429443359375
128.78431701660156
139.85549926757812
137.24935913085938
151.30514526367188
158.25311279296875
162.09951782226562
159.16937255859375
141.8305206298828
169.00616455078125
155.1440887451172
133.2567901611328
131.3809356689453
144.68087768554688
129.74746704101562
107.77166748046875
132.027099609375
138.7076416015625
135.5997772216797
181.41436767578125
143.646484375
166.95518493652344
113.38868713378906
139.49197387695312
167.81396484375
134.75201416015625
153.90318298339844
153.37338256835938
165.66632080078125
165.02182006835938
143.1513671875
133.8927764892578
105.96158599853516
168.56678771972656
137.64361572265625
112.38446044921875
178.05142211914062
163.52764892578125
148.37649536132812
157.23846435546875
113.08179473876953
152.40977478027344
112.51710510253906
163.55514526367188
166.13162231445312
148.349365234375
188.5955352783203
148.4232635498047
133.83201599121094
140.35960388183594
122.38729858398438
100.6630859375
124.74491882324219
169.00852966308594
180.20542907714844
171.0593719482422
291.6132507324219
156.95375061035156
156.52725219726562
144.67359924316406
122.94441986083984
167.5521240234375
146.200439453125
157.5897674560547
134.8490753173828
102.60580444335938
167.21815490722656
145.3986053466797
103.34152221679688
120.82833862304688
110.79119110107422
122.06951141357422
141.3168487548828
122.0178451538086
146.43890380859375
161.8014678955078
148.30398559570312
168.64154052734375
111.02284240722656
150.45193481445312
131.6100616455078
165.8998565673828
117.36563873291016
124.37513732910156
112.48001861572266
164.72659301757812
123.0223388671875
155.6748046875
148.4904327392578
140.77525329589844
127.66610717773438
196.2666778564453
140.5968475341797
172.31744384765625
132.73582458496094
169.1107177734375
177.52392578125
148.32415771484375
124.44258880615234
159.6410675048828
113.00997161865234
122.30264282226562
137.16783142089844
130.89817810058594
143.9542999267578
154.57955932617188
155.676513671875
151.11561584472656
137.26332092285156
162.2575225830078
148.56365966796875
127.6639404296875
126.87201690673828
137.7568817138672
124.0248031616211
104.503173828125
128.4103546142578
135.02951049804688
129.73226928710938
170.42913818359375
138.27011108398438
160.2080078125
109.59331512451172
132.04356384277344
158.78228759765625
130.9244842529297
146.92625427246094
147.91551208496094
158.9404754638672
156.2574462890625
137.55384826660156
128.2140655517578
102.32083129882812
161.83505249023438
130.15602111816406
108.3758773803711
171.6527862548828
157.4008331298828
142.43978881835938
150.4917449951172
111.24517059326172
147.4163818359375
109.73271179199219
158.43411254882812
163.96885681152344
142.29763793945312
182.7147674560547
142.17483520507812
130.28912353515625
134.51962280273438
117.31417083740234
95.70211029052734
119.78055572509766
163.2447509765625
171.7115020751953
165.113525390625
280.56988525390625
153.0122833251953
151.11488342285156
138.9958038330078
119.00244140625
163.82437133789062
141.1588134765625
152.6732177734375
129.0282745361328
98.93528747558594
161.68978881835938
140.35919189453125
101.27788543701172
115.2284164428711
106.02404022216797
118.73773193359375
135.5725555419922
118.83513641357422
140.42861938476562
157.32923889160156
144.91488647460938
163.0458984375
109.42561340332031
144.3173370361328
127.40493774414062
161.07797241210938
113.03558349609375
120.4389419555664
110.79084014892578
159.28387451171875
120.51689147949219
148.886474609375
143.9208984375
136.06263732910156
123.77169799804688
189.3450164794922
137.7512969970703
167.09188842773438
129.59837341308594
164.0880889892578
171.11160278320312
145.49017333984375
120.86576843261719
152.83168029785156
110.99454498291016
117.5304946899414
135.74615478515625
127.09275817871094
138.93028259277344
152.59410095214844
150.913818359375
145.21934509277344
134.1988067626953
158.12899780273438
144.14703369140625
123.89599609375
123.81288146972656
132.69309997558594
119.85383605957031
102.39378356933594
126.09351348876953
132.66363525390625
125.74722290039062
162.59095764160156
136.4150390625
155.39512634277344
107.23388671875
126.74103546142578
152.32667541503906
128.4661865234375
141.80458068847656
144.12388610839844
154.05821228027344
149.99905395507812
133.87742614746094
124.23626708984375
99.8536376953125
156.978271484375
124.3783950805664
105.02545928955078
166.394287109375
152.7350616455078
138.13055419921875
145.67405700683594
110.25633239746094
143.9355010986328
108.2236328125
154.7838592529297
163.02734375
138.2066192626953
178.811767578125
137.7487030029297
128.09886169433594
130.59544372558594
113.71417999267578
92.16692352294922
116.27293395996094
159.00628662109375
165.3417510986328
160.75424194335938
271.59259033203125
150.34722900390625
147.06529235839844
135.35850524902344
116.6584243774414
161.42124938964844
137.588134765625
149.10086059570312
125.43577575683594
96.90909576416016
157.80667114257812
136.68630981445312
100.09263610839844
111.24049377441406
102.87773895263672
116.69771575927734
131.4762420654297
116.61311340332031
135.8666229248047
153.58551025390625
142.7918701171875
158.90365600585938
108.56220245361328
139.84170532226562
125.13356018066406
158.6238250732422
110.14350128173828
117.6197738647461
109.8739013671875
155.49053955078125
119.19789123535156
143.72988891601562
140.75621032714844
132.25428771972656
120.72615814208984
184.13839721679688
135.98533630371094
163.2997589111328
127.38312530517578
160.52333068847656
166.17210388183594
143.6137237548828
118.3221664428711
147.7584686279297
109.34703826904297
114.27006530761719
135.13558959960938
124.35684967041016
135.30841064453125
151.2364044189453
147.00958251953125
141.0843505859375
132.00843811035156
154.4639434814453
140.69830322265625
121.1395492553711
121.72129821777344
128.88783264160156
116.77796936035156
100.97605895996094
124.57791900634766
131.00234985351562
122.68888092041016
156.60250854492188
134.53445434570312
151.65383911132812
105.48365783691406
122.73941040039062
147.3538360595703
126.76043701171875
138.01536560058594
141.34750366210938
150.5702667236328
145.77699279785156
131.27210998535156
121.47712707519531
98.25757598876953
153.3554229736328
120.16631317138672
103.59846496582031
163.02474975585938
149.62350463867188
134.8896942138672
142.08338928222656
109.78121948242188
141.44564819335938
107.33775329589844
152.251708984375
162.66485595703125
135.23287963867188
175.64761352539062
133.5238494873047
125.8855209350586
127.19371795654297
110.93206024169922
89.67450714111328
113.80158233642578
155.80859375
160.44479370117188
157.54876708984375
264.01373291015625
148.4453582763672
144.0579071044922
132.5617218017578
114.81404113769531
159.7266387939453
134.96131896972656
146.4781494140625
122.52348327636719
95.3725357055664
154.53627014160156
133.86183166503906
99.38919067382812
108.30377960205078
100.48761749267578
115.23699951171875
128.2294921875
114.94513702392578
132.43829345703125
150.9345703125
141.37799072265625
155.7028350830078
108.09395599365234
136.41477966308594
123.40991973876953
156.47036743164062
107.9666976928711
115.5509033203125
109.29938507080078
152.6366424560547
118.2776107788086
139.88755798339844
138.44528198242188
129.2650146484375
118.54771423339844
180.1656036376953
134.640380859375
160.46490478515625
125.8465805053711
157.9417724609375
162.50051879882812
142.32362365722656
116.50889587402344
143.87803649902344
108.1807861328125
111.83661651611328
134.7112579345703
122.29479217529297
132.40948486328125
150.13580322265625
144.31809997558594
137.9073944091797
130.403564453125
151.7037353515625
137.96083068847656
119.0262451171875
120.21786499023438
125.90025329589844
114.39611053466797
99.7442398071289
123.63861083984375
129.87738037109375
120.58009338378906
152.23585510253906
132.82391357421875
148.867431640625
104.4999008178711
119.78136444091797
143.5128936767578
125.53463745117188
135.1407470703125
139.34242248535156
147.66937255859375
141.96102905273438
129.03944396972656
119.48682403564453
97.1292953491211
150.544189453125
116.95235443115234
102.38614654541016
160.37185668945312
147.19126892089844
132.34959411621094
139.21185302734375
109.64585876464844
139.69822692871094
106.7884521484375
150.38571166992188
162.44984436035156
132.90953063964844
173.12921142578125
130.46083068847656
124.48738861083984
124.83394622802734
108.89225006103516
87.77420806884766
111.88150024414062
153.2638397216797
156.62240600585938
155.08665466308594
257.63970947265625
147.02713012695312
141.69288635253906
130.335205078125
113.1425552368164
158.4410858154297
132.9241485595703
144.4608154296875
120.30760192871094
94.27725982666016
152.2001190185547
131.6228790283203
98.93003845214844
106.08967590332031
98.73995971679688
114.75098419189453
125.76949310302734
113.65921783447266
129.82679748535156
148.9581756591797
140.25582885742188
153.19174194335938
107.81341552734375
133.71759033203125
122.10003662109375
154.59133911132812
106.28346252441406
113.94964599609375
108.7801513671875
150.3242950439453
117.57510375976562
137.18690490722656
137.09921264648438
126.87516021728516
116.6796875
177.0122833251953
133.59967041015625
158.2400360107422
124.65992736816406
155.88433837890625
159.69923400878906
141.33555603027344
115.06987762451172
140.81765747070312
107.2909927368164
109.97904205322266
134.57864379882812
120.65950012207031
130.21087646484375
149.351806640625
142.2170867919922
135.4148712158203
129.1654815673828
149.49061584472656
136.1746826171875
117.38961791992188
119.06983947753906
123.52299499511719
112.59003448486328
99.00552368164062
122.84950256347656
128.86566162109375
118.59230041503906
148.37594604492188
131.2819366455078
146.4508056640625
103.44513702392578
117.26048278808594
140.2908172607422
124.64735412597656
132.79449462890625
137.76551818847656
145.40232849121094
139.15977478027344
127.34469604492188
117.879638671875
96.2197265625
148.32003784179688
114.32919311523438
101.41023254394531
158.205322265625
145.25274658203125
130.29139709472656
136.8795166015625
109.45421600341797
138.22225952148438
106.39984130859375
148.90313720703125
162.3303985595703
131.0846405029297
171.05401611328125
127.96086883544922
123.38477325439453
122.95008850097656
107.20700073242188
86.32630920410156
110.38678741455078
151.25181579589844
153.56427001953125
153.100341796875
252.1252899169922
145.91830444335938
139.75865173339844
128.286865234375
111.76852416992188
157.40383911132812
131.28659057617188
142.86085510253906
118.50656127929688
93.390869140625
150.22828674316406
129.80035400390625
98.67510223388672
104.32528686523438
97.25006866455078
113.83944702148438
123.8029556274414
112.59799194335938
127.74341583251953
147.3351287841797
139.27838134765625
151.16110229492188
107.61165618896484
131.5019073486328
121.06285858154297
153.1999053955078
104.98011779785156
112.6742172241211
108.42350006103516
148.53433227539062
117.03948211669922
134.86160278320312
135.72537231445312
125.11516571044922
115.5195083618164
174.4569549560547
132.70570373535156
156.4455108642578
123.67691040039062
154.2125701904297
157.3402099609375
140.53408813476562
113.88111877441406
138.3148651123047
106.53097534179688
108.48779296875
134.45913696289062
119.31990814208984
128.37646484375
148.6591796875
140.49217224121094
133.38661193847656
128.1114959716797
147.87786865234375
134.33799743652344
116.00579833984375
118.1375961303711
121.58086395263672
111.12556457519531
98.40727233886719
122.20613098144531
127.99341583251953
116.980224609375
145.28343200683594
130.04721069335938
144.43601989746094
102.58235931396484
115.2057876586914
137.81033325195312
123.81241607666016
130.88388061523438
136.46151733398438
143.5049285888672
136.89337158203125
125.92195129394531
116.59857177734375
95.50021362304688
146.4789276123047
112.19287109375
100.6098403930664
156.39974975585938
143.5569610595703
128.62265014648438
135.00340270996094
109.2443618774414
137.01492309570312
105.99773406982422
147.6376953125
162.13951110839844
129.5723114013672
169.31036376953125
125.8673324584961
122.45745849609375
121.38138580322266
105.81710052490234
85.16452026367188
109.20037078857422
149.54005432128906
151.08628845214844
151.4114227294922
247.1536407470703
144.95346069335938
138.12783813476562
126.94786834716797
110.90475463867188
156.48089599609375
129.9381866455078
141.48509216308594
117.00856018066406
92.64471435546875
148.55760192871094
128.26722717285156
98.38313293457031
102.94005584716797
96.12422943115234
113.10421752929688
122.11045837402344
111.67655181884766
126.0333480834961
145.9609375
138.39291381835938
149.44320678710938
107.40534210205078
129.67526245117188
120.15121459960938
151.96934509277344
103.90741729736328
111.60222625732422
108.07764434814453
146.97703552246094
116.5799560546875
132.9488983154297
134.56114196777344
123.37369537353516
114.17503356933594
172.27650451660156
131.91783142089844
154.92332458496094
122.81989288330078
152.7709197998047
155.34617614746094
139.82992553710938
112.85694885253906
136.22438049316406
105.83719635009766
107.25492858886719
134.35842895507812
118.19542694091797
126.86708068847656
148.05418395996094
139.0380096435547
131.68614196777344
127.22590637207031
146.26487731933594
132.76812744140625
114.81661987304688
117.31138610839844
119.9457778930664
109.8744888305664
97.87379455566406
121.61717224121094
127.14302825927734
115.53533935546875
142.7024688720703
128.99476623535156
142.7867889404297
101.9051742553711
113.513916015625
135.73953247070312
123.05918884277344
129.26528930664062
135.34744262695312
141.8800811767578
135.018798828125
124.75786590576172
115.49058532714844
94.85955810546875
144.89700317382812
110.41751861572266
99.8782730102539
154.84457397460938
142.06932067871094
127.19728088378906
133.41482543945312
109.00569915771484
135.98841857910156
105.59630584716797
146.52903747558594
161.8927764892578
128.28936767578125
167.888671875
124.12484741210938
121.71724700927734
120.07111358642578
104.64945220947266
84.17731475830078
108.140869140625
147.99859619140625
149.0170135498047
149.9561767578125
242.63087463378906
144.05335998535156
136.70895385742188
125.6068115234375
110.03437042236328
155.6089630126953
128.76210021972656
140.26971435546875
115.72518920898438
91.956298828125
147.0919647216797
126.93907928466797
98.09274291992188
101.78998565673828
95.16561126708984
112.43083953857422
120.6019287109375
110.84164428710938
124.57941436767578
144.74818420410156
137.5426483154297
147.93508911132812
107.16867065429688
128.118896484375
119.32630920410156
150.84068298339844
102.95809936523438
110.68266296386719
107.6947021484375
145.59567260742188
116.17816925048828
131.30477905273438
133.5178680419922
121.8544921875
112.99678802490234
170.39051818847656
131.1645965576172
153.59153747558594
122.02193450927734
151.46885681152344
153.6181182861328
139.17214965820312
111.9515380859375
134.44534301757812
105.17300415039062
106.17394256591797
134.18096923828125
117.1688232421875
125.56942749023438
147.49208068847656
137.77001953125
130.20486450195312
126.42718505859375
144.8768310546875
131.31674194335938
113.76018524169922
116.55166625976562
118.53273010253906
108.78136444091797
97.38004302978516
121.06539916992188
126.3390121459961
114.27197265625
140.52615356445312
128.06578063964844
141.26126098632812
101.25343322753906
112.04457092285156
133.95040893554688
122.36424255371094
127.8223876953125
134.34315490722656
140.44313049316406
133.41854858398438
123.6472396850586
114.49832153320312
94.26246643066406
143.537841796875
108.85850524902344
99.19786071777344
153.4816131591797
140.7146453857422
125.94613647460938
132.0312042236328
108.72064208984375
135.08822631835938
105.17034912109375
145.5167694091797
161.6028289794922
127.17658233642578
166.69483947753906
122.6318130493164
120.96775817871094
118.87117767333984
103.59759521484375
83.28754425048828
107.16822814941406
146.59628295898438
147.26470947265625
148.64720153808594
238.4656524658203
143.19784545898438
135.43687438964844
124.19783020019531
109.1000747680664
154.7543182373047
127.69976043701172
139.1815643310547
114.60227966308594
91.30540466308594
145.77072143554688
125.80767059326172
97.80033111572266
100.80032348632812
94.31903839111328
111.78853607177734
119.33995819091797
110.05741119384766
123.31341552734375
143.64517211914062
136.6990203857422
146.59356689453125
106.89126586914062
126.69783782958984
118.5233383178711
149.76675415039062
102.11064910888672
109.85798645019531
107.26729583740234
144.34072875976562
115.75584411621094
129.88780212402344
132.57472229003906
120.50348663330078
111.94088745117188
168.72567749023438
130.4226531982422
152.3864288330078
121.26219177246094
150.2804718017578
152.0690155029297
138.52413940429688
111.10663604736328
132.88084411621094
104.51376342773438
105.2201919555664
133.93460083007812
116.22251892089844
124.43035888671875
146.93698120117188
136.6264190673828
128.89076232910156
125.6723403930664
143.5680389404297
130.07040405273438
112.79995727539062
115.82012176513672
117.2817153930664
107.8018798828125
96.8877944946289
120.5241928100586
125.5419692993164
113.12006378173828
138.64022827148438
127.208984375
139.93089294433594
100.67339324951172
110.76686096191406
132.37863159179688
121.68832397460938
126.54946899414062
133.42950439453125
139.14926147460938
132.027099609375
122.61976623535156
113.5909652709961
93.68621063232422
142.3029327392578
107.5103759765625
98.52228546142578
152.2645721435547
139.4618377685547
124.81534576416016
130.79515075683594
108.38250732421875
134.27056884765625
104.70742797851562
144.565185546875
161.2135009765625
126.15570068359375
165.5927734375
121.27823638916016
120.2272720336914
117.77446746826172
102.64043426513672
82.5079116821289
106.30374145507812
145.32443237304688
145.7467041015625
147.4443817138672
234.60096740722656
142.35704040527344
134.2742919921875
123.11157989501953
108.34830474853516
153.91192626953125
126.73526763916016
138.171875
113.57730102539062
90.66706085205078
144.55337524414062
124.75223541259766
97.47283172607422
99.93555450439453
93.55233001708984
111.15304565429688
118.11565399169922
109.30097198486328
122.2563705444336
142.83531188964844
135.86398315429688
145.3399658203125
106.56707763671875
125.47799682617188
117.7748794555664
148.73194885253906
101.32799530029297
109.10316467285156
106.81739807128906
143.17283630371094
115.33965301513672
128.62124633789062
131.68663024902344
119.27510833740234
110.9677505493164
167.214111328125
129.67459106445312
151.27554321289062
120.52344512939453
149.15219116210938
150.64669799804688
137.8859100341797
110.3175048828125
131.4807586669922
103.84779357910156
104.33731842041016
133.61265563964844
115.32402038574219
123.4052505493164
146.3836212158203
135.58065795898438
127.69717407226562
124.94661712646484
142.35279846191406
128.8397674560547
111.90579223632812
115.10558319091797
116.15805053710938
106.89188385009766
96.3876953125
119.98208618164062
124.73997497558594
112.14405059814453
137.0335235595703
126.4239501953125
138.68724060058594
99.9457015991211
109.58547973632812
130.97100830078125
121.01720428466797
125.38975524902344
132.5697784423828
137.9573516845703
130.78981018066406
121.73682403564453
112.75674438476562
93.12019348144531
141.1737060546875
106.30400085449219
97.87982177734375
151.139892578125
138.270751953125
123.77788543701172
129.6734161376953
108.0130615234375
133.51910400390625
104.20787811279297
143.65394592285156
160.78773498535156
125.2262191772461
164.471435546875
119.96922302246094
119.46013641357422
116.77361297607422
101.7543716430664
81.80772399902344
105.51583862304688
144.14315795898438
144.4143524169922
146.31475830078125
230.98399353027344
141.52684020996094
133.19122314453125
122.0938720703125
107.63446044921875
153.04376220703125
125.84880828857422
137.20077514648438
112.61894989013672
90.02972412109375
143.43267822265625
123.78902435302734
97.1224365234375
99.16069793701172
92.8290023803711
110.5170669555664
