--name:
20221102_2011

--model type:
CSTR

--controlled system:
True

--lyapunov correction:
False

--learning rate:
0.01

--number of epoches:
1

--number of batches:
1024

--number of samples per batch:
256

--FNN fc1 weights:
Parameter containing:
tensor([[ 0.4085, -0.5733],
        [ 0.0141,  0.2485],
        [-0.2911, -0.4748],
        [-0.0410,  0.1965],
        [ 0.4733,  0.2255],
        [-0.2472,  0.4541],
        [-0.3019,  0.6800],
        [ 0.2379, -0.5965],
        [-0.2769, -0.3211],
        [-0.2615,  0.0288],
        [-0.6828, -0.0262],
        [ 0.4045,  0.6536],
        [ 0.6561, -0.0165],
        [-0.4737,  0.2980],
        [-0.2112, -0.2114],
        [ 0.4916,  0.0282],
        [ 0.2016, -0.1774],
        [ 0.2526,  0.7028],
        [-0.3867, -0.1992],
        [ 0.4859, -0.2333],
        [ 0.0946,  0.4231],
        [ 0.0450, -0.4644],
        [ 0.4101,  0.4469],
        [-0.1911,  0.6976],
        [ 0.3196,  0.5492],
        [ 0.2709,  0.0490],
        [-0.1827,  0.4965],
        [-0.3201,  0.1987],
        [ 0.2746, -0.5676],
        [-0.1949, -0.2062],
        [-0.0232, -0.1625],
        [ 0.2403,  0.3405],
        [ 0.3116,  0.6312],
        [-0.6747, -0.2657],
        [-0.5636,  0.3111],
        [-0.2286,  0.3526],
        [ 0.1100, -0.2063],
        [ 0.1589,  0.2896],
        [-0.2112, -0.5155],
        [-0.5845, -0.0442],
        [-0.0624, -0.0890],
        [-0.6027,  0.4730],
        [ 0.1396,  0.2109],
        [ 0.4083,  0.1196],
        [ 0.5356, -0.1497],
        [-0.1786,  0.5395],
        [ 0.0950,  0.5484],
        [ 0.0240,  0.6588],
        [ 0.1769,  0.0013],
        [ 0.0201, -0.5480],
        [ 0.2493,  0.2487],
        [ 0.6711, -0.6887],
        [ 0.5725, -0.4091],
        [-0.4972,  0.3242],
        [ 0.2961, -0.0703],
        [ 0.1766,  0.3354],
        [-0.6137,  0.6773],
        [-0.2300, -0.0928],
        [-0.4681,  0.4159],
        [-0.6138,  0.5591],
        [ 0.6387, -0.4390],
        [-0.5625, -0.5795],
        [ 0.3785,  0.0120],
        [ 0.2028,  0.4023],
        [ 0.6524, -0.5370],
        [-0.1792,  0.4738],
        [ 0.6997,  0.6715],
        [-0.4628, -0.6354],
        [ 0.0796,  0.5244],
        [ 0.2856,  0.0723],
        [-0.0427,  0.2310],
        [-0.0333,  0.2557],
        [-0.1237, -0.4615],
        [ 0.4391, -0.3984],
        [ 0.3602, -0.6837],
        [ 0.1933, -0.6867],
        [ 0.5049,  0.4620],
        [-0.0495, -0.5358],
        [ 0.5433,  0.2252],
        [ 0.4910, -0.2772]], requires_grad=True)

--GNN fc1 weights:
Parameter containing:
tensor([[-4.4229e-03,  2.6344e-05],
        [-1.4157e-05, -4.4573e-03]], requires_grad=True)

--GNN fc1 bias:
Parameter containing:
tensor([2.2609e-02, 4.5494e-05], requires_grad=True)

--Testing loss:
tensor(0.0888, grad_fn=<MulBackward0>)

--Training losses:
9.823721711654798e-07
8.291551125694241e-07
9.617947398510296e-07
9.957499287338578e-07
8.476392281409062e-07
8.336344308190746e-07
1.0457074495207053e-06
9.011727115648682e-07
9.12464940938662e-07
8.757143632465159e-07
9.617652949600597e-07
1.0400291330370237e-06
8.756132956477813e-07
9.667440963312401e-07
1.2066736871929606e-06
1.0480956689207233e-06
8.359289154213911e-07
9.177330184684251e-07
1.1525187346705934e-06
1.0094479421240976e-06
7.499692173951189e-07
9.009141876958893e-07
1.2478874396038009e-06
1.0852937748495606e-06
9.225713597516005e-07
9.103162597057235e-07
9.383670658280607e-07
1.1081796174039482e-06
9.241431939699396e-07
1.0096620144395274e-06
8.783334806139464e-07
8.479665325467067e-07
8.017161121642857e-07
9.755972314451355e-07
9.96826315713406e-07
8.721271456124668e-07
1.0546988278292702e-06
9.770192264113575e-07
8.82086681031069e-07
9.649597814131994e-07
9.941336429619696e-07
8.624751899333205e-07
1.0637131708790548e-06
9.811246854951605e-07
8.407018867728766e-07
9.038286634677206e-07
8.522694088242133e-07
1.0413200470793527e-06
8.183083082258236e-07
1.096682922252512e-06
9.070613486983348e-07
9.646704484111979e-07
1.0661892702046316e-06
1.0796763945108978e-06
9.269751899410039e-07
8.882959150469105e-07
9.567997949488927e-07
1.0272216286466573e-06
9.193870482704369e-07
8.976110734693066e-07
1.1198527545275283e-06
1.1247623206145363e-06
9.463819878874347e-07
9.503522164777678e-07
9.606270623407909e-07
8.847004551171267e-07
7.404835287161404e-07
9.033464039021055e-07
8.772411774771172e-07
8.844545504871348e-07
8.568403018216486e-07
9.74714566837065e-07
8.811127258923079e-07
8.523110182068194e-07
9.299737371293304e-07
1.1048001624658355e-06
8.87547571437608e-07
9.919203876052052e-07
8.868291843100451e-07
1.148395085692755e-06
9.068270969692094e-07
9.559184945828747e-07
8.446990023003309e-07
9.94451625047077e-07
8.620528433311847e-07
9.340884616904077e-07
9.721253491079551e-07
9.311863209404692e-07
8.77888510331104e-07
1.0371676353315706e-06
8.733885010769882e-07
9.89989644040179e-07
9.88572537607979e-07
8.225815690821037e-07
8.826191901789571e-07
9.437201242690207e-07
9.002418437376036e-07
8.578724646213232e-07
9.42613723964314e-07
8.597780833952129e-07
1.0478879630682059e-06
9.811421932681696e-07
9.437966923542263e-07
9.860623322310857e-07
9.715147371025523e-07
9.123314725911769e-07
1.0357885003031697e-06
8.890575600162265e-07
1.0513236929909908e-06
7.838157216610853e-07
8.506391395712853e-07
9.153300197795033e-07
9.808524055188172e-07
7.691297696510446e-07
1.2073973039150587e-06
9.727635870149243e-07
1.0115769555341103e-06
8.862282356858486e-07
8.456636351183988e-07
8.770537078817142e-07
9.674333796283463e-07
8.329452612088062e-07
1.0491417015145998e-06
8.471581622870872e-07
1.017872250486107e-06
1.0399127177151968e-06
8.631172363493533e-07
9.222403605235741e-07
8.502270247845445e-07
8.505751338816481e-07
9.480625067226356e-07
1.0926850109171937e-06
1.1374819450793439e-06
9.912401992551167e-07
9.372448630529107e-07
1.0658968676580116e-06
1.0228693554381607e-06
8.08298295851273e-07
9.205131732414884e-07
8.749365179028246e-07
1.0630740234773839e-06
8.211762292376079e-07
9.29087320855615e-07
8.419194728048751e-07
1.0471741234141518e-06
9.131800879913499e-07
1.0027604275819613e-06
9.778168532648124e-07
9.075267826119671e-07
1.0668234153854428e-06
1.0987793075400987e-06
9.609219659978407e-07
9.511672942608129e-07
1.0198625659540994e-06
1.141813982030726e-06
9.137172582995845e-07
9.517370358480548e-07
8.986982038550195e-07
9.852190032688668e-07
1.0100948202307336e-06
8.551174346393964e-07
1.1727584023901727e-06
9.451876508137502e-07
9.455928875468089e-07
9.97922029455367e-07
8.956761803347035e-07
9.711606026030495e-07
9.179111657431349e-07
8.419509072155051e-07
8.44153362322686e-07
8.204689265767229e-07
9.284436259804352e-07
1.0466995945535018e-06
9.013294288706675e-07
8.324631153300288e-07
1.0915513257714338e-06
9.700894452180364e-07
8.509463214068091e-07
1.1068345884268638e-06
8.775710966801853e-07
9.219072580890497e-07
1.0222508990409551e-06
8.944410865296959e-07
9.028204885908053e-07
9.568424275130383e-07
8.017473192012403e-07
9.078219136426924e-07
9.28835731883737e-07
1.0343050007577403e-06
7.7761416150679e-07
1.0127664609171916e-06
9.82397864390805e-07
9.546947694616392e-07
1.175648776552407e-06
9.114726822190278e-07
8.481359259349119e-07
8.615110687060223e-07
1.0845844826690154e-06
9.252687505068025e-07
1.0150523621632601e-06
9.257423698727507e-07
9.29387056203268e-07
8.637227324470587e-07
9.145250032815966e-07
9.77674858404498e-07
1.0779654076031875e-06
8.420955737165059e-07
1.055330244525976e-06
9.749602440933813e-07
8.272465947811725e-07
9.53818926063832e-07
8.597807550358993e-07
1.021840148496267e-06
8.891610150385532e-07
8.370894875042723e-07
9.266915412808885e-07
8.578793995184242e-07
9.104703622142551e-07
8.32015871310432e-07
9.018455102705047e-07
7.829718242646777e-07
9.666548521636287e-07
9.752117193784215e-07
9.932529110301402e-07
8.976186904874339e-07
9.642635632189922e-07
1.0005986723626847e-06
1.03660681816109e-06
8.099256660898391e-07
9.117966897065344e-07
9.7680504040909e-07
9.190830496663693e-07
8.148932693075039e-07
8.92457137524616e-07
8.455068041257618e-07
8.367046007151657e-07
8.721729045646498e-07
9.283886583943968e-07
1.077405272553733e-06
8.564286986256775e-07
9.502246030024253e-07
8.751767381909303e-07
1.0295224228684674e-06
1.0041973155239248e-06
9.121537232203991e-07
8.805047286841727e-07
8.752654139243532e-07
8.719264315004693e-07
8.204220875995816e-07
1.263461058442772e-06
1.0997368917742278e-06
8.475057029500022e-07
9.127601288128062e-07
8.483390843139205e-07
9.219317576025787e-07
7.89302021075855e-07
9.202806268149288e-07
9.184781220028526e-07
9.503038427283172e-07
9.100335773837287e-07
8.476369544041518e-07
9.392633160132391e-07
9.726255711939302e-07
9.018316973197216e-07
1.025755636874237e-06
9.58649252424948e-07
1.0336709692637669e-06
8.030986009543994e-07
9.814151553655392e-07
8.819903314361e-07
9.816036481424817e-07
9.60067154665012e-07
9.328279588771693e-07
9.94523475128517e-07
1.0179561513723456e-06
8.628213663541828e-07
9.284599400416482e-07
9.393573350280349e-07
1.0377525541116484e-06
9.215741556545254e-07
9.232913953383104e-07
7.557650292255857e-07
9.9466353731259e-07
8.507246889166709e-07
1.0003957413573517e-06
8.49557068249851e-07
8.883582722774008e-07
8.49659159030125e-07
8.98407222393871e-07
9.510209793006652e-07
1.0104870398208732e-06
9.408458936377428e-07
8.834829827719659e-07
1.1955175978073385e-06
9.469687256569159e-07
1.0369467418058775e-06
9.451761115997215e-07
9.810871688387124e-07
9.202985893352889e-07
9.593787808626075e-07
8.398926070185553e-07
7.794345719958073e-07
1.0525094467084273e-06
9.898394637275487e-07
8.974011507234536e-07
9.488670684731915e-07
1.0079561434395146e-06
9.815101975618745e-07
7.530158541158016e-07
9.647704928283929e-07
1.1712177183653694e-06
8.782722034084145e-07
1.1587025028347853e-06
7.224663818305999e-07
1.009642573990277e-06
9.492773074271099e-07
9.602339332559495e-07
9.0056187218579e-07
1.077059778253897e-06
8.808155484985036e-07
1.11150723114406e-06
9.397119811183074e-07
1.059330315911211e-06
8.853661483954056e-07
9.840421171247726e-07
9.165861456494895e-07
9.032593197844108e-07
1.1421510635045706e-06
8.124193300318439e-07
9.754350003277068e-07
9.299927228312299e-07
9.748364391271025e-07
1.1069682841480244e-06
1.0073304110846948e-06
1.02136596069613e-06
8.805419042801077e-07
9.587691920387442e-07
1.0082162589242216e-06
9.926516213454306e-07
8.858440310177684e-07
8.115432024169422e-07
9.906331115416833e-07
8.941872238210635e-07
1.1882519856953877e-06
8.90416458787513e-07
9.90573653325555e-07
9.185393992083846e-07
7.627792228959152e-07
9.67308096733177e-07
1.1863096460729139e-06
1.1269673905189848e-06
8.866542771102104e-07
7.305001759050356e-07
9.217087040269689e-07
9.462396519666072e-07
1.0111509709531674e-06
8.250117389252409e-07
8.710202337169903e-07
9.122944675254985e-07
9.99201915874437e-07
8.226273280342866e-07
8.595816325396299e-07
9.473010322835762e-07
1.0022054084402043e-06
9.54254232965468e-07
8.888704883247556e-07
8.453085911241942e-07
8.86442478531535e-07
9.450453717363416e-07
8.905881259124726e-07
1.0025961501014535e-06
8.811493898974732e-07
7.681509259782615e-07
1.047301907419751e-06
9.068041322279896e-07
1.0693627245927928e-06
9.521717174720834e-07
8.31848410598468e-07
9.553685913488152e-07
8.609881660959218e-07
1.1244854931646842e-06
8.025966735658585e-07
8.073596973190433e-07
9.254303563466237e-07
9.539207894704305e-07
9.82562028184475e-07
8.77232253060356e-07
8.145062793118996e-07
9.19756189432519e-07
8.396692692258512e-07
8.213405067181156e-07
8.527442219019576e-07
9.425514235772425e-07
9.127468842962116e-07
1.006632828648435e-06
9.283013469030266e-07
8.397319106734358e-07
8.437223755208834e-07
8.364207246813748e-07
9.237231211045582e-07
1.071923179551959e-06
9.729855037221569e-07
9.857933491730364e-07
1.0213473160547437e-06
1.0001047030527843e-06
8.966768518803292e-07
8.800440696177247e-07
8.914327054299065e-07
9.212773193212342e-07
8.649842015984177e-07
1.1190650184289552e-06
1.0622329682519194e-06
9.255089707949082e-07
1.0572223345661769e-06
9.002345109365706e-07
9.061210448635393e-07
9.069557336260914e-07
9.636578397476114e-07
1.0651033335307147e-06
9.202483965964348e-07
9.549785318085924e-07
9.668826805864228e-07
1.0190601642534602e-06
8.270293392342865e-07
9.882743370326352e-07
1.1651768545561936e-06
9.380181040796742e-07
1.078523837350076e-06
8.910811857276713e-07
9.324626262241509e-07
1.0259630016662413e-06
1.0853023013623897e-06
9.79996116257098e-07
1.0904742566708592e-06
9.054310226019879e-07
9.051088909473037e-07
9.423063147551147e-07
9.141721761807275e-07
9.73452188191004e-07
8.251422514149453e-07
8.632107437733794e-07
9.197464692078938e-07
8.978255436886684e-07
9.660120667831507e-07
1.0279211437591584e-06
9.054151632881258e-07
8.970940825747675e-07
9.041888233696227e-07
8.165765166268102e-07
1.073309249477461e-06
8.378395932595595e-07
9.004173762150458e-07
8.920939080780954e-07
1.1673951121338177e-06
1.159401790573611e-06
6.759398161193531e-07
9.943271379597718e-07
9.164725156551867e-07
8.597291412115737e-07
9.830268936639186e-07
9.292890013057331e-07
1.013539758787374e-06
1.1122709793198737e-06
9.02034912542149e-07
9.462938805882004e-07
8.843159662319522e-07
9.014791544359468e-07
9.009545465232804e-07
9.412804047315149e-07
7.349007660195639e-07
1.1434486850703252e-06
7.21458036423428e-07
9.244348007086955e-07
8.035625000957225e-07
8.833463311930245e-07
1.0325522907805862e-06
8.547459060537221e-07
9.542494581182837e-07
8.51821937430941e-07
9.34433444399474e-07
9.506676406090264e-07
9.063292623068264e-07
9.911834695230937e-07
8.946220191319298e-07
9.936698006640654e-07
7.961662618072296e-07
8.372232969122706e-07
7.758032438687223e-07
1.0473189604454092e-06
8.716559136701107e-07
8.884936164577084e-07
9.92097739072051e-07
1.0007036053139018e-06
7.797824537192355e-07
9.62314402386255e-07
8.762539209783426e-07
1.0194862625212409e-06
9.641936458137934e-07
9.764515880306135e-07
8.843858267937321e-07
1.0253221489620046e-06
9.313736200056155e-07
8.470146894978825e-07
8.89391003511264e-07
7.71220527440164e-07
1.038075765791291e-06
9.391858952767507e-07
7.461276823050866e-07
1.058119096342125e-06
1.0498940810066415e-06
7.699723028053995e-07
7.469205343113572e-07
1.1292389672235004e-06
8.540081353203277e-07
8.725241968932096e-07
8.217759273065894e-07
9.1684159997385e-07
8.828433806229441e-07
9.383625751979707e-07
7.905811116870609e-07
1.0774895145004848e-06
9.300914030063723e-07
8.604818049207097e-07
8.353059115506767e-07
1.0388203008915298e-06
1.0575931810308248e-06
9.351724656880833e-07
8.534381663594104e-07
9.107597520596755e-07
9.676357421994908e-07
8.768342354414926e-07
8.560110700273071e-07
7.032316489130608e-07
1.144481984738377e-06
9.195485972668394e-07
8.573206287110224e-07
7.428105277540453e-07
8.884043154466781e-07
1.0135922821064014e-06
1.0241978998237755e-06
1.045538510879851e-06
1.0601656867947895e-06
8.969356031229836e-07
9.33195224206429e-07
8.063160521487589e-07
8.259585797532054e-07
9.299475323132356e-07
8.548809660169354e-07
9.722280083224177e-07
1.102128749153053e-06
1.0108690275956178e-06
7.74373233980441e-07
8.28955023735034e-07
7.968927775436896e-07
8.401958666581777e-07
9.0136472863378e-07
8.934733841670095e-07
9.664462368164095e-07
1.0404196473245975e-06
8.229932291214936e-07
8.412039278482553e-07
9.200119848173927e-07
9.479417144575564e-07
8.565226039536356e-07
8.825709301163442e-07
9.396767381986137e-07
8.927630688049248e-07
8.536578661733074e-07
9.682051995696384e-07
8.614745183876948e-07
9.486001317782211e-07
9.046026434589294e-07
9.420539299753727e-07
9.267102427656937e-07
9.588438842911273e-07
1.0186647614318645e-06
8.079643407654657e-07
9.393443747285346e-07
9.221620302923839e-07
8.124040959955892e-07
9.808499044083874e-07
8.657315788695996e-07
8.645064895063115e-07
1.0142263136003749e-06
9.258991440219688e-07
9.143379315901257e-07
9.84280063676124e-07
8.162400035871542e-07
9.20779996249621e-07
8.086771003945614e-07
9.446239914723265e-07
1.0568395509835682e-06
1.0398296126368223e-06
9.561525757817435e-07
1.0111360779774259e-06
7.408835358546639e-07
7.662553116460913e-07
9.991032356992946e-07
8.520315191162808e-07
9.416473290002614e-07
7.99007636942406e-07
9.588891316525405e-07
7.439858791258303e-07
9.77857439465879e-07
1.1369999128874042e-06
9.060875640898303e-07
1.0018541161116445e-06
8.893380254448857e-07
9.059250487553072e-07
1.0015163525167736e-06
9.897930794977583e-07
8.831299851408403e-07
9.501636668574065e-07
9.34045885969681e-07
7.89866817285656e-07
8.030717140172783e-07
1.0081650998472469e-06
9.032480647874763e-07
1.0178238198932377e-06
9.805258969208808e-07
8.52655887229048e-07
9.951546644515474e-07
8.210606665670639e-07
9.404362799614319e-07
1.141284315053781e-06
9.60317493081675e-07
1.0840482218554826e-06
1.0321246008970775e-06
9.214807050739182e-07
9.492800927546341e-07
8.872084436006844e-07
9.416420425623073e-07
8.830375008983538e-07
8.065151178016094e-07
1.230710836352955e-06
1.0157773431274109e-06
1.0466176263435045e-06
9.792007631403976e-07
8.601673471275717e-07
8.423787676292704e-07
9.521819492874783e-07
9.809457424125867e-07
1.0767726053018123e-06
8.53690721669409e-07
9.20941317872348e-07
8.999187457447988e-07
9.423205256098299e-07
1.04436844594602e-06
9.319334139945568e-07
7.419200755975908e-07
9.813145425141556e-07
8.909981943361345e-07
7.907281656116538e-07
8.63274181028828e-07
8.286658612632891e-07
1.1241002084716456e-06
8.663323569635395e-07
9.201072543874034e-07
9.985526503442088e-07
9.801470923775923e-07
9.029857892528526e-07
9.375015679324861e-07
8.085509080046904e-07
9.662379625297035e-07
8.545304126528208e-07
8.185529623006005e-07
1.0695734999899287e-06
9.543291525915265e-07
7.881678811827442e-07
1.032733280226239e-06
8.751800919526431e-07
9.715334954307764e-07
8.280715633190994e-07
9.257277042706846e-07
1.0043304428108968e-06
9.029656666825758e-07
9.770405995368492e-07
1.0020532954513328e-06
9.426864835404558e-07
8.869846510606294e-07
9.995875416279887e-07
8.74856311838812e-07
1.0668336472008377e-06
8.943251259552198e-07
8.464456868750858e-07
9.345907301394618e-07
8.363635402020009e-07
8.967941766968579e-07
7.639456498509389e-07
9.101913747144863e-07
9.459913599130232e-07
1.0857306733669247e-06
9.263146125704225e-07
1.0226901849819114e-06
8.846092214298551e-07
9.653108463680837e-07
9.129892646342341e-07
1.0406982937638531e-06
1.0666453817975707e-06
9.109668894780043e-07
9.339577218270279e-07
8.416601531280321e-07
1.1309264209558023e-06
9.522995583211014e-07
7.959737899909669e-07
8.576712389185559e-07
1.011103790915513e-06
8.541582019461202e-07
1.1019096746167634e-06
9.408189498572028e-07
9.897350992105203e-07
8.270939133581123e-07
8.831436844047857e-07
9.355227348351036e-07
1.0583802350083715e-06
8.294540521092131e-07
6.907891361151997e-07
9.71315557762864e-07
9.378983349961345e-07
8.90758656169055e-07
8.985318231680139e-07
1.0312184031135985e-06
7.673662594243069e-07
9.740660971147008e-07
8.526444617018569e-07
1.0406249657535227e-06
1.015771545098687e-06
9.782464758245624e-07
9.196623977913987e-07
7.921208862171625e-07
9.25348558666883e-07
8.849873438521172e-07
9.320185654360102e-07
7.707172926529893e-07
1.3441455166685046e-06
9.183457905237447e-07
8.812720579953748e-07
9.579785000823904e-07
9.561224487697473e-07
9.407091283719637e-07
7.681497322664654e-07
9.452273843635339e-07
9.474765647610184e-07
9.179813105220092e-07
8.291607969113102e-07
9.30069461446692e-07
8.678512131155003e-07
8.921796279537375e-07
9.150473943009274e-07
1.0890446446865099e-06
9.65968638411141e-07
8.976010121841682e-07
8.719595143702463e-07
8.858578439685516e-07
9.411601809006243e-07
8.518868526152801e-07
8.490681580042292e-07
7.973295055307972e-07
1.0639869287842885e-06
9.314740054833237e-07
9.894118875308777e-07
1.0210951586486772e-06
9.786054988580872e-07
9.11531401470711e-07
8.330139849022089e-07
8.075665505202778e-07
9.875676596493577e-07
1.0107241905643605e-06
1.0197716164839221e-06
9.090534831557306e-07
7.658614435968047e-07
8.929713430916308e-07
8.131373192554747e-07
8.293243922707916e-07
8.671652835801069e-07
9.764627293407102e-07
9.586767646396765e-07
8.371168860321632e-07
8.466817007501959e-07
8.923229302126856e-07
9.479277878199355e-07
1.0399043048892054e-06
8.7933625536607e-07
8.992543030217348e-07
9.093226935874554e-07
7.825893248991633e-07
1.0586406915535918e-06
1.0535319461268955e-06
9.70376731856959e-07
8.312354680128919e-07
1.0098591474161367e-06
7.897695013525663e-07
1.0312804761269945e-06
1.0400333394500194e-06
9.361889397041523e-07
9.9522389973572e-07
9.355962902191095e-07
8.450396080661449e-07
9.036064056999749e-07
9.327222301180882e-07
8.498855663674476e-07
8.606450592196779e-07
1.0502717486815527e-06
7.011785783106461e-07
8.614756552560721e-07
9.166245718006394e-07
8.04141791377333e-07
9.059871217687032e-07
8.846395189721079e-07
9.79323544925137e-07
1.0656054882929311e-06
9.788304851099383e-07
7.339139074247214e-07
7.511095532208856e-07
8.699267937117838e-07
9.455559393245494e-07
9.742686870595207e-07
8.321729296767444e-07
8.31988927529892e-07
9.820247441894026e-07
1.0101882708113408e-06
1.0183008498643176e-06
8.451299891021335e-07
6.918515396137082e-07
9.082378937819158e-07
1.0923730542344856e-06
9.568810810378636e-07
1.024649350256368e-06
9.103612228500424e-07
7.852507906136452e-07
7.850622978367028e-07
8.798618864602759e-07
1.0518422186578391e-06
1.1638787782430882e-06
8.631795367364248e-07
9.060382808456779e-07
8.609728183728294e-07
9.011228598865273e-07
9.316788123214792e-07
1.0213130963165895e-06
9.213616181114048e-07
8.551054975214356e-07
1.1266207593507716e-06
7.658413778699469e-07
1.054573885994614e-06
1.0505657428439008e-06
8.732556580071105e-07
8.914616955735255e-07
7.986398600223765e-07
8.46955686029105e-07
8.669762792123947e-07
7.990624339981878e-07
9.907981848300551e-07
9.94780748442281e-07
8.327577347699844e-07
8.515618787896528e-07
8.099025876617816e-07
9.451745768274122e-07
9.471775115343917e-07
9.711147868074477e-07
8.434116125499713e-07
1.0065766673506005e-06
1.0305576552127604e-06
8.802815045783063e-07
9.852730045167846e-07
9.304845889346325e-07
9.761147339304443e-07
8.28545012154791e-07
9.425143616681453e-07
9.133146932072123e-07
8.788420018390752e-07
1.035251329994935e-06
1.0165113053517416e-06
8.528087391823647e-07
1.0223861863778438e-06
8.959952992881881e-07
1.0333092177461367e-06
8.282968906314636e-07
8.856521844791132e-07
8.694805728737265e-07
9.51005119986803e-07
8.853081681081676e-07
9.829066129896091e-07
9.809685934669687e-07
8.849460755300242e-07
9.464278036830365e-07
1.0900641882471973e-06
7.516094910897664e-07
1.036095909512369e-06
1.1003227200490073e-06
9.836381877903477e-07
8.85660028870916e-07
9.433153991267318e-07
8.804626077107969e-07
9.515935062154313e-07
8.736527092878532e-07
9.84898747447005e-07
1.0306190461051301e-06
8.730385161470622e-07
8.577096650697058e-07
9.049832669916213e-07
7.50803110349807e-07
7.909413284323819e-07
1.0310228617527173e-06
9.826621862885077e-07
9.717045941215474e-07
9.922265462591895e-07
9.320740446128184e-07
8.381724683204084e-07
9.1960794179613e-07
1.0963439081024262e-06
8.547041261408594e-07
7.667637760278012e-07
9.068029385161935e-07
8.624207907814707e-07
9.368748123961268e-07
9.696022971183993e-07
9.56187932388275e-07
9.497119890511385e-07
8.072313448792556e-07
9.58929376793094e-07
8.656498948766966e-07
1.109237018681597e-06
9.230345767718973e-07
9.4060203537083e-07
7.798898309374636e-07
9.351332437290694e-07
8.983353154690121e-07
9.751213383424329e-07
8.711439249964315e-07
8.638551207695855e-07
9.233582431988907e-07
9.570042038831161e-07
9.894278036881587e-07
7.783914384162927e-07
8.435228551206819e-07
1.0198507425229764e-06
9.828866041061701e-07
8.801741842034971e-07
1.0030081512013567e-06
9.49960508478398e-07
8.68423455813172e-07
8.455925808448228e-07
1.095909510695492e-06
9.576993988957838e-07
9.849675279838266e-07
8.583653539062652e-07
8.256110390902904e-07
1.0452912420078064e-06
1.0579145737210638e-06
8.764026233620825e-07
1.0704870874178596e-06
9.850733704297454e-07
8.86481302586617e-07
8.653990448692639e-07
8.095346402114956e-07
1.051862682288629e-06
7.937330792628927e-07
9.700962664282997e-07
9.689844091553823e-07
9.693277434053016e-07
6.904012934683124e-07
8.733446748010465e-07
8.330268315148714e-07
8.537188023183262e-07
9.578266144671943e-07
8.471594128423021e-07
7.648597488696396e-07
1.0382620985183166e-06
9.468391795053321e-07
8.766477321842103e-07
1.0043162319561816e-06
8.211845852201805e-07
8.50496746807039e-07
9.285729447583435e-07
9.396890163770877e-07
1.0521986268940964e-06
8.719191555428552e-07
7.983749128470663e-07
7.894420264165092e-07
7.735504823358497e-07
8.956839110396686e-07
9.282886708206206e-07
9.29167356389371e-07
9.321578318122192e-07
8.367998702851764e-07
8.628774139651796e-07
9.482222935730533e-07
8.849943924360559e-07
9.665593552199425e-07
8.662175901008595e-07
8.214034323827946e-07
9.017688284984615e-07
1.0229048257315299e-06
9.217428669217043e-07
8.734317589187413e-07
7.662857797186007e-07
1.1198628726560855e-06
9.134937499766238e-07
8.95154471436399e-07
8.925341035137535e-07
7.858848789510375e-07
1.0115138593391748e-06
9.447425100006512e-07
7.766920475660299e-07
8.777568609730224e-07
9.243628369404178e-07
1.0814770803335705e-06
1.1016400094376877e-06
8.670834290569474e-07
8.593679581281322e-07
7.668380703762523e-07
9.657163673182367e-07
1.006562570182723e-06
8.895526093510853e-07
8.655415513203479e-07
8.097783847915707e-07
8.795650501269847e-07
9.675477485870942e-07
8.485733928864647e-07
9.436199093215691e-07
9.212898248733836e-07
8.621045139989292e-07
9.082712608687871e-07
