--name:
20221102_1440

--model type:
continuous_stirred_tank_reactor

--controlled system:
True

--lyapunov correction:
True

--learning rate:
0.01

--number of epoches:
1

--number of batches:
1024

--number of samples per batch:
256

--FNN fc1 weights:
Parameter containing:
tensor([[-0.6614,  0.0293],
        [-0.5322, -0.6112],
        [-0.2307,  0.5304],
        [-0.5596,  0.3574],
        [-0.5500,  0.6841],
        [ 0.3498, -0.5752],
        [ 0.2621, -0.2230],
        [ 0.2267,  0.1801],
        [ 0.4957, -0.3251],
        [ 0.0502,  0.2023],
        [-0.4660, -0.2340],
        [-0.4066,  0.3041],
        [ 0.1622, -0.5463],
        [ 0.0724, -0.6078],
        [-0.2421, -0.4649],
        [ 0.5201,  0.4610],
        [-0.6622,  0.0708],
        [-0.0759, -0.5125],
        [ 0.2946,  0.6030],
        [ 0.1994,  0.1731],
        [ 0.1161, -0.4438],
        [-0.0459,  0.2528],
        [-0.1826, -0.1566],
        [ 0.2582,  0.2534],
        [ 0.0156, -0.3539],
        [ 0.5864,  0.1428],
        [ 0.5347, -0.6400],
        [ 0.2181, -0.6735],
        [-0.6244,  0.1084],
        [-0.0620, -0.1529],
        [ 0.6912, -0.1024],
        [ 0.2140, -0.4008],
        [-0.5948, -0.0657],
        [-0.5334, -0.5806],
        [-0.1131, -0.5691],
        [-0.2122, -0.1987],
        [-0.2231, -0.2769],
        [-0.3779, -0.4764],
        [ 0.0731, -0.4027],
        [-0.6310,  0.6876],
        [ 0.2634, -0.0508],
        [-0.6371,  0.1568],
        [ 0.4906,  0.6132],
        [-0.6244,  0.5024],
        [-0.6607, -0.4445],
        [-0.2828,  0.4606],
        [ 0.2458,  0.3289],
        [-0.5762, -0.4305],
        [-0.1655, -0.1998],
        [ 0.3396, -0.2614],
        [-0.0651, -0.5381],
        [ 0.5369, -0.6413],
        [ 0.0870,  0.4245],
        [-0.2754, -0.4609],
        [ 0.0870, -0.0979],
        [ 0.2055,  0.0150],
        [-0.1382,  0.0497],
        [-0.3941,  0.2265],
        [ 0.2372, -0.0932],
        [ 0.5882,  0.1438],
        [-0.3530, -0.3842],
        [-0.3946,  0.3395],
        [ 0.0448, -0.1584],
        [-0.0101, -0.2119],
        [-0.1462,  0.5897],
        [-0.5377,  0.6739],
        [-0.3430,  0.2940],
        [-0.0973,  0.2581],
        [-0.3576, -0.6589],
        [-0.1557,  0.4693],
        [-0.0080,  0.1116],
        [-0.2345,  0.2686],
        [ 0.1944, -0.1444],
        [ 0.3390,  0.2446],
        [-0.1145, -0.1328],
        [-0.1405, -0.2819],
        [-0.1256, -0.0404],
        [ 0.3872, -0.5958],
        [-0.3315,  0.3037],
        [ 0.0119, -0.4450]], requires_grad=True)

--GNN fc1 weights:
Parameter containing:
tensor([[-0.0049, -0.0015],
        [ 0.0011, -0.0178]], requires_grad=True)

--GNN fc1 bias:
Parameter containing:
tensor([0.0345, 0.0129], requires_grad=True)

--Testing loss:
tensor(0.2828, grad_fn=<MulBackward0>)

--Training losses:
7.379567978205159e-05
7.657189416931942e-05
7.560341327916831e-05
9.049067739397287e-05
8.248035737778991e-05
8.100997365545481e-05
8.957344107329845e-05
7.547014683950692e-05
7.559838559245691e-05
8.928347961045802e-05
9.292244794778526e-05
8.121909922920167e-05
7.61114206397906e-05
7.861531776143238e-05
8.992835500976071e-05
8.014011837076396e-05
7.297029515029863e-05
8.291368430946022e-05
8.231479296227917e-05
7.98411201685667e-05
8.439768134849146e-05
8.118215919239447e-05
9.176192543236539e-05
6.613067671423778e-05
8.80659426911734e-05
6.747929728589952e-05
6.53099050396122e-05
9.008249617181718e-05
7.52838168409653e-05
6.807719910284504e-05
7.64856013120152e-05
7.45051002013497e-05
7.801083847880363e-05
7.391086546704173e-05
9.017707634484395e-05
8.434626215603203e-05
7.870819536037743e-05
7.942740921862423e-05
8.206711936509237e-05
7.679268310312182e-05
8.266870281659067e-05
7.337766146520153e-05
8.1796279118862e-05
7.91456041042693e-05
7.943084347061813e-05
8.327481191372499e-05
7.716128311585635e-05
7.871480192989111e-05
7.41802723496221e-05
8.150366920745e-05
7.752755482215434e-05
8.04134615464136e-05
8.29070559120737e-05
9.059401781996712e-05
7.748733332846314e-05
7.794317934894934e-05
7.832812116248533e-05
8.842733222991228e-05
8.355936006410047e-05
8.284706564154476e-05
7.392952829832211e-05
8.075789810391143e-05
9.14099146029912e-05
8.011312456801534e-05
7.899783668108284e-05
8.948531467467546e-05
7.481743523385376e-05
7.318936695810407e-05
8.054462523432449e-05
8.17204054328613e-05
8.594837709097192e-05
7.751832890789956e-05
7.591769826831296e-05
8.097149839159101e-05
8.022574911592528e-05
7.6344731496647e-05
8.689647074788809e-05
7.477927283616737e-05
7.405117503367364e-05
7.95884188846685e-05
8.193376561393961e-05
7.796028512530029e-05
7.67065430409275e-05
9.35019925236702e-05
7.8669807408005e-05
6.517046858789399e-05
8.06298921816051e-05
8.504548895871267e-05
8.092998177744448e-05
7.979198562679812e-05
7.991366146598011e-05
7.217777601908892e-05
7.858672324800864e-05
8.190629159798846e-05
7.368417573161423e-05
6.804777513025329e-05
8.160131983458996e-05
8.371745934709907e-05
8.349295239895582e-05
8.439084922429174e-05
7.150386954890564e-05
7.952495798235759e-05
8.682729094289243e-05
8.631517994217575e-05
7.303585152840242e-05
8.361187065020204e-05
8.425294799963012e-05
9.395509550813586e-05
7.598660886287689e-05
9.682520612841472e-05
6.944113556528464e-05
8.228638034779578e-05
7.747990457573906e-05
7.10384629201144e-05
8.639750012662262e-05
8.536515815649182e-05
7.841314800316468e-05
8.324912778334692e-05
7.41576004656963e-05
7.200885738711804e-05
7.566466956632212e-05
7.078146154526621e-05
7.171963079599664e-05
7.246588938869536e-05
7.474971789633855e-05
9.072621469385922e-05
6.709841545671225e-05
8.092338248388842e-05
7.941974035929888e-05
8.252362022176385e-05
7.747251947876066e-05
7.590737368445843e-05
7.791310054017231e-05
8.173999231075868e-05
8.757616160437465e-05
7.471181015716866e-05
8.082331623882055e-05
6.997187301749364e-05
8.302916103275493e-05
8.385602995986119e-05
7.901275967014953e-05
7.91802813182585e-05
8.511399937560782e-05
7.77289315010421e-05
8.496880764141679e-05
7.510291470680386e-05
7.179359090514481e-05
8.884218550520018e-05
8.429887384409085e-05
7.34631103114225e-05
8.262036863015965e-05
7.719266432104632e-05
8.068342140177265e-05
7.863729842938483e-05
6.981007754802704e-05
6.61063168081455e-05
7.750170334475115e-05
7.663824362680316e-05
7.803608605172485e-05
8.930030162446201e-05
8.63376262714155e-05
6.608440889976919e-05
7.400258618872613e-05
8.417422941420227e-05
7.566752901766449e-05
8.793688903097063e-05
8.140574936987832e-05
8.333744335686788e-05
7.988509605638683e-05
7.470067066606134e-05
7.909687701612711e-05
7.461136556230485e-05
8.638170402264223e-05
8.065807924140245e-05
7.998700311873108e-05
7.01756653143093e-05
8.539343980373815e-05
8.468782471027225e-05
6.573396240128204e-05
8.380530925933272e-05
7.827214722055942e-05
6.772661436116323e-05
8.739308395888656e-05
8.096172678051516e-05
8.652608084958047e-05
8.737028110772371e-05
8.339707710547373e-05
7.205796282505617e-05
7.398341404041275e-05
8.103296568151563e-05
7.15180576662533e-05
8.813358726911247e-05
7.884616206865758e-05
9.486307681072503e-05
7.80946938903071e-05
8.009959856281057e-05
8.04413139121607e-05
9.140729525825009e-05
8.378027268918231e-05
7.910100976005197e-05
6.918979488546029e-05
6.657106860075146e-05
7.659821858396754e-05
7.634035137016326e-05
7.082235970301554e-05
8.767888357397169e-05
7.632863707840443e-05
7.83807918196544e-05
7.737347186775878e-05
8.041225373744965e-05
8.230852108681574e-05
8.802707452559844e-05
8.407333370996639e-05
7.504885434173048e-05
7.940252544358373e-05
7.439779437845573e-05
7.720907888142392e-05
7.083550735842437e-05
7.140399247873574e-05
7.411709520965815e-05
8.061926928348839e-05
8.069875184446573e-05
8.025821443879977e-05
7.438937609549612e-05
7.792107498971745e-05
8.411648741457611e-05
7.153976912377402e-05
7.61319970479235e-05
8.188418723875657e-05
8.341287320945412e-05
8.376132609555498e-05
7.793422264512628e-05
8.049380267038941e-05
7.903579535195604e-05
7.671106141060591e-05
8.397908823098987e-05
7.603966514579952e-05
8.358785999007523e-05
8.960548439063132e-05
8.188190986402333e-05
7.523511158069596e-05
8.266059739980847e-05
8.214767149183899e-05
8.444819104624912e-05
9.425611642654985e-05
7.744388858554885e-05
7.979429938131943e-05
8.157745469361544e-05
8.751521090744063e-05
6.874043174320832e-05
7.593689952045679e-05
8.74193137860857e-05
8.346188405994326e-05
7.799173181410879e-05
8.11499121482484e-05
8.117933612084016e-05
7.069608545862138e-05
8.221115422202274e-05
7.474143785657361e-05
7.710994395893067e-05
7.670829654671252e-05
7.84534277045168e-05
7.90618360042572e-05
7.182860281318426e-05
7.504548557335511e-05
7.398957677651197e-05
7.482142245862633e-05
8.31682191346772e-05
7.901887147454545e-05
7.975060725584626e-05
8.26058239908889e-05
8.45665272208862e-05
7.713041850365698e-05
8.028939919313416e-05
8.758086914895102e-05
8.275503932964057e-05
8.504121797159314e-05
8.218034054152668e-05
7.825544162187725e-05
8.498065290041268e-05
7.904211815912277e-05
8.112017530947924e-05
6.812805804656819e-05
7.38988455850631e-05
9.527287329547107e-05
8.608750795247033e-05
7.766883209114894e-05
8.46752300276421e-05
8.162694575730711e-05
7.51641346141696e-05
7.952040323289111e-05
9.009638597490266e-05
8.590873767388985e-05
9.117231820710003e-05
8.471382898278534e-05
9.080655581783503e-05
7.924714009277523e-05
9.045777551364154e-05
6.430017674574628e-05
8.387051639147103e-05
8.276568405563012e-05
9.148605749942362e-05
7.310931687243283e-05
8.222443284466863e-05
8.48950949148275e-05
8.791500295046717e-05
8.687080116942525e-05
8.991212234832346e-05
8.880630775820464e-05
7.981323142303154e-05
8.591690129833296e-05
6.79386721458286e-05
8.727239037398249e-05
6.936166028026491e-05
7.992938481038436e-05
7.786248897900805e-05
9.449315257370472e-05
8.229265222325921e-05
8.221206371672451e-05
8.844237891025841e-05
8.57474296935834e-05
9.204717935062945e-05
8.8622429757379e-05
8.650805830257013e-05
8.279647590825334e-05
8.127689216053113e-05
8.019520464586094e-05
9.612624126020819e-05
9.296928328694776e-05
7.662377902306616e-05
7.542445382568985e-05
7.829208334442228e-05
8.215832349378616e-05
8.206730126403272e-05
7.509266288252547e-05
7.761010783724487e-05
9.621762001188472e-05
8.013383921934292e-05
8.232918480644003e-05
7.769059448037297e-05
7.003947393968701e-05
7.915298192529008e-05
7.374444248853251e-05
7.567032298538834e-05
7.083150558173656e-05
7.473832374671474e-05
7.853454735595733e-05
6.850964564364403e-05
8.637249993626028e-05
7.726324838586152e-05
8.34935053717345e-05
9.046195918926969e-05
7.948958227643743e-05
7.826815999578685e-05
8.479112148052081e-05
7.40911127650179e-05
7.821148028597236e-05
7.555258343927562e-05
7.917313632788137e-05
7.73330102674663e-05
8.98232392501086e-05
8.20384084363468e-05
8.286890806630254e-05
8.745833474677056e-05
8.998483826871961e-05
8.517115202266723e-05
7.146409916458651e-05
8.107165194815025e-05
8.854144107317552e-05
8.03671355242841e-05
7.785115303704515e-05
8.442686521448195e-05
6.827679317211732e-05
7.929393905214965e-05
9.485234477324411e-05
7.835064752725884e-05
8.31970464787446e-05
8.799747593002394e-05
7.771714444970712e-05
8.280065230792388e-05
7.962372910697013e-05
9.363993012811989e-05
9.178721666103229e-05
8.711875125300139e-05
8.472992340102792e-05
8.779962081462145e-05
9.270545706385747e-05
7.210554031189531e-05
8.534752851119265e-05
7.580511010019109e-05
8.376255573239177e-05
8.449493907392025e-05
8.525491284672171e-05
7.79574183980003e-05
7.729716162430122e-05
8.171617810148746e-05
7.761784218018875e-05
8.33814701763913e-05
8.616317791165784e-05
7.55663204472512e-05
7.904679659986869e-05
8.518106915289536e-05
9.999767644330859e-05
8.789963612798601e-05
9.140316251432523e-05
6.751244654878974e-05
6.967486842768267e-05
8.393096504732966e-05
7.899938646005467e-05
7.87338285590522e-05
7.447707321261987e-05
7.20224270480685e-05
7.896406896179542e-05
7.727157935732976e-05
8.106314635369927e-05
8.10579294920899e-05
8.972355863079429e-05
8.984286978375167e-05
8.117360266624019e-05
7.11440370650962e-05
6.781169213354588e-05
8.367520058527589e-05
7.475741585949436e-05
8.09325574664399e-05
8.3510996773839e-05
7.485349487978965e-05
8.206969505408779e-05
7.724425086053088e-05
8.658163278596476e-05
6.605069211218506e-05
8.055963553488255e-05
8.313871512655169e-05
9.023786697071046e-05
6.908642535563558e-05
8.635935228085145e-05
8.376028563361615e-05
8.177218842320144e-05
8.937966049415991e-05
8.577777043683454e-05
7.989561709109694e-05
8.370389696210623e-05
9.352019696962088e-05
8.040951797738671e-05
8.314513979712501e-05
8.352998702321202e-05
7.575106428703293e-05
8.837466157274321e-05
8.180491568055004e-05
8.555851673008874e-05
9.049685468198732e-05
8.73139506438747e-05
7.206243026303127e-05
8.780261850915849e-05
8.169776992872357e-05
8.526060992153361e-05
8.091990457614884e-05
7.850697147659957e-05
6.615174061153084e-05
7.238442049128935e-05
8.170862565748394e-05
8.348666597157717e-05
8.045196591410786e-05
8.46850816742517e-05
7.70810293033719e-05
8.49934367579408e-05
8.461625111522153e-05
8.314973092637956e-05
8.483260171487927e-05
7.821470353519544e-05
7.631294283783063e-05
9.26426873775199e-05
8.050102042034268e-05
8.897484804037958e-05
8.381955558434129e-05
8.293105929624289e-05
8.137360418913886e-05
7.772905519232154e-05
8.818843343760818e-05
7.241946877911687e-05
6.978541932767257e-05
7.13154295226559e-05
7.964393444126472e-05
7.492020085919648e-05
6.483776815002784e-05
8.038972009671852e-05
7.617774099344388e-05
7.47318918001838e-05
7.714059029240161e-05
7.249909685924649e-05
8.032853656914085e-05
9.171323472401127e-05
7.209324394352734e-05
7.739182910881937e-05
7.461247150786221e-05
8.608206553617492e-05
8.182041347026825e-05
7.802730397088453e-05
8.059648098424077e-05
7.83098948886618e-05
7.132723840186372e-05
8.499469549860805e-05
8.485100988764316e-05
8.277430606540293e-05
7.604630809510127e-05
9.617357136448845e-05
8.54031095514074e-05
8.161491859937087e-05
8.192013774532825e-05
7.307124906219542e-05
7.548118446720764e-05
8.811101724859327e-05
8.883232658263296e-05
6.723714614054188e-05
7.121988892322406e-05
8.66433183546178e-05
7.694547821301967e-05
9.553432028042153e-05
7.701059803366661e-05
6.878933345433325e-05
7.091332372510806e-05
8.026714931474999e-05
8.105891902232543e-05
7.223011925816536e-05
7.690662459935993e-05
7.651875057490543e-05
7.781950989738107e-05
8.569114288548008e-05
8.250957762356848e-05
7.856661250116304e-05
8.13160149846226e-05
8.882318797986954e-05
7.63306743465364e-05
8.25779206934385e-05
8.064817666308954e-05
7.341813034145162e-05
8.528041507815942e-05
7.831403490854427e-05
7.654492947040126e-05
8.536021050531417e-05
7.223163265734911e-05
6.649043643847108e-05
7.48557285987772e-05
6.634037708863616e-05
7.642224954906851e-05
8.70918229338713e-05
7.294167880900204e-05
7.713154627708718e-05
8.131233335006982e-05
7.107318378984928e-05
8.269396494142711e-05
7.697290857322514e-05
8.556654211133718e-05
6.450287764891982e-05
8.016485662665218e-05
7.451293640770018e-05
8.205669291783124e-05
8.749985136091709e-05
8.190512744477019e-05
8.797142072580755e-05
9.039264114107937e-05
7.897296745795757e-05
7.561307575087994e-05
9.380401024827734e-05
8.844077819958329e-05
8.757651085034013e-05
6.912970275152475e-05
8.312157297041267e-05
7.474785525118932e-05
8.105376764433458e-05
7.293628004845232e-05
6.954752461751923e-05
7.422214548569173e-05
6.882815796416253e-05
8.516750676790252e-05
6.620991189265624e-05
8.005905692698434e-05
6.47481283522211e-05
7.355938578257337e-05
7.801353058312088e-05
8.252037514466792e-05
8.125831664074212e-05
7.148783333832398e-05
7.987491699168459e-05
5.7773511798586696e-05
8.462694677291438e-05
7.667108002351597e-05
8.396916382480413e-05
9.019662684295326e-05
7.63583229854703e-05
8.438163786195219e-05
7.368327351287007e-05
7.795401324983686e-05
7.533694588346407e-05
7.959577487781644e-05
7.472199649782851e-05
7.208355236798525e-05
8.532284846296534e-05
8.098309626802802e-05
6.991247937548906e-05
7.004226790741086e-05
7.441244088113308e-05
7.674159860471264e-05
9.064573532668874e-05
6.794186629122123e-05
7.943803939269856e-05
7.85143711254932e-05
8.180882286978886e-05
8.339248597621918e-05
9.703507384983823e-05
9.279860387323424e-05
8.71146548888646e-05
7.857807213440537e-05
8.502791752107441e-05
8.534691005479544e-05
7.166220166254789e-05
8.36562248878181e-05
8.827389683574438e-05
8.090134360827506e-05
8.656403224449605e-05
8.767132385401055e-05
7.861643825890496e-05
7.565398118458688e-05
7.65546501497738e-05
7.93270519352518e-05
8.120681741274893e-05
7.885091326897964e-05
8.423654799116775e-05
8.272734703496099e-05
7.591061148559675e-05
7.325469050556421e-05
8.743712533032522e-05
8.86513662408106e-05
7.967353303683922e-05
7.578475924674422e-05
7.843573985155672e-05
9.026521001942456e-05
7.641436241101474e-05
7.610573811689392e-05
7.18639130354859e-05
7.233078213175759e-05
7.595302304252982e-05
6.929400115041062e-05
7.401371112791821e-05
8.63736859173514e-05
7.308746717171744e-05
6.982633931329474e-05
8.834588516037911e-05
7.798867591191083e-05
7.540596561739221e-05
7.276099495356902e-05
8.554317173548043e-05
7.211647607618943e-05
8.196839189622551e-05
7.186655420809984e-05
8.138567500282079e-05
8.042730041779578e-05
7.741039735265076e-05
7.3459159466438e-05
7.914030720712617e-05
7.437406020471826e-05
7.40309915272519e-05
9.684013639343902e-05
8.573078230256215e-05
8.651176904095337e-05
7.96702443039976e-05
9.004324238048866e-05
7.531746086897328e-05
8.582844020565972e-05
7.566589920315892e-05
8.221438474720344e-05
8.019072993192822e-05
7.89316909504123e-05
8.055506623350084e-05
8.343593071913347e-05
8.036522922338918e-05
8.538061956642196e-05
8.171910303644836e-05
6.518518057418987e-05
8.201497257687151e-05
8.273080311482772e-05
8.17572872620076e-05
8.589077333454043e-05
8.316174353240058e-05
9.084086195798591e-05
7.473403093172237e-05
6.482588651124388e-05
8.328628609888256e-05
7.830564572941512e-05
7.517792982980609e-05
9.023446182254702e-05
7.277188706211746e-05
7.9859841207508e-05
6.54258910799399e-05
8.487122977385297e-05
7.684581214562058e-05
8.094191434793174e-05
8.715335570741445e-05
7.814306445652619e-05
7.074632594594732e-05
7.783619366819039e-05
8.00932029960677e-05
7.352927059400827e-05
8.889116725185886e-05
7.95499436208047e-05
8.363990491488948e-05
8.797239570412785e-05
6.735440547345206e-05
8.295952284242958e-05
8.919489482650533e-05
7.742837624391541e-05
8.484551653964445e-05
9.178766777040437e-05
7.477289182133973e-05
7.498039485653862e-05
7.281514263013378e-05
7.602162077091634e-05
8.189139771275222e-05
8.66577320266515e-05
8.258934394689277e-05
7.313344394788146e-05
8.429051376879215e-05
7.626417209394276e-05
8.58051935210824e-05
7.386815559584647e-05
8.057426748564467e-05
7.127888238755986e-05
8.661749598104507e-05
7.551608723588288e-05
8.23399459477514e-05
7.145341078285128e-05
7.844653737265617e-05
7.521093357354403e-05
7.401018228847533e-05
9.575071453582495e-05
8.029948367038742e-05
7.770398951834068e-05
7.707299664616585e-05
8.139554120134562e-05
8.258696470875293e-05
7.263795851031318e-05
8.015734056243673e-05
7.726464536972344e-05
6.901840242790058e-05
8.37982224766165e-05
7.703564187977463e-05
7.213312346721068e-05
8.101209823507816e-05
8.017345680855215e-05
7.437206659233198e-05
8.056186197791249e-05
8.180275472113863e-05
7.713788363616914e-05
6.836566171841696e-05
5.951209459453821e-05
7.63092830311507e-05
6.598133040824905e-05
8.789404819253832e-05
8.576075924793258e-05
8.713013812666759e-05
7.883815123932436e-05
8.821614756016061e-05
9.00072991498746e-05
8.98113867151551e-05
6.84397091390565e-05
8.122726285364479e-05
7.828047819202766e-05
8.243408228736371e-05
7.99846020527184e-05
8.358001650776714e-05
8.963475556811318e-05
7.404378266073763e-05
7.638558599865064e-05
8.515280933352187e-05
8.413995965383947e-05
7.50766193959862e-05
8.108252950478345e-05
7.855449803173542e-05
7.356904825428501e-05
7.605924474773929e-05
7.958988862810656e-05
8.963972504716367e-05
8.404903928749263e-05
6.545035284943879e-05
7.748071220703423e-05
8.294252620544285e-05
8.383511158172041e-05
8.014062041183934e-05
7.810556417098269e-05
6.908666546223685e-05
8.519029506715015e-05
8.208068902604282e-05
7.305007602553815e-05
7.342512253671885e-05
7.661121344426647e-05
7.655529771000147e-05
7.592748443130404e-05
9.580370533512905e-05
8.742290083318949e-05
7.460596680175513e-05
9.245004912372679e-05
8.06112730060704e-05
7.702044968027622e-05
6.69905130052939e-05
8.194683323381469e-05
6.840247078798711e-05
8.186056220438331e-05
8.669924136484042e-05
6.932031828910112e-05
7.639700925210491e-05
8.532612264389172e-05
7.95980668044649e-05
7.820073369657621e-05
8.224205521401018e-05
7.175443170126528e-05
7.604740676470101e-05
6.767427839804441e-05
8.329221600433812e-05
6.919049337739125e-05
8.2020451372955e-05
6.881586887175217e-05
8.835276821628213e-05
8.040697866817936e-05
7.575497147627175e-05
7.473990262951702e-05
8.478820382151753e-05
8.012466423679143e-05
8.465290011372417e-05
8.040037209866568e-05
8.724975486984476e-05
8.419802179560065e-05
8.203540346585214e-05
8.353999874088913e-05
7.85913216532208e-05
7.059617928462103e-05
7.247159373946488e-05
8.274229185190052e-05
8.036763756535947e-05
7.766191993141547e-05
8.054907084442675e-05
9.368609607918188e-05
8.154586976161227e-05
7.557795470347628e-05
7.556754280813038e-05
8.396084740525112e-05
8.066905138548464e-05
7.090874714776874e-05
8.171465015038848e-05
7.332535460591316e-05
8.604554022895172e-05
8.227738726418465e-05
7.735166582278907e-05
7.634836947545409e-05
7.440654735546559e-05
7.838352030375972e-05
7.38656526664272e-05
8.235943096224219e-05
8.520629489794374e-05
6.801584095228463e-05
8.240663737524301e-05
7.460632332367823e-05
7.431981794070452e-05
7.657359674340114e-05
8.51028598845005e-05
9.239948849426582e-05
8.223373151849955e-05
8.339386113220826e-05
7.806177018210292e-05
8.576434629503638e-05
7.836987060727552e-05
6.442401354433969e-05
7.524711691075936e-05
6.641054642386734e-05
8.973929652711377e-05
9.323166887043044e-05
6.91961104166694e-05
6.1653001466766e-05
8.433977200184017e-05
7.588506559841335e-05
8.207363134715706e-05
8.236520807258785e-05
8.823826647130772e-05
6.478088471340016e-05
9.391069761477411e-05
6.712292815791443e-05
7.805157656548545e-05
8.081083069555461e-05
8.169523061951622e-05
8.22432484710589e-05
7.741366425761953e-05
7.186679431470111e-05
8.191766391973943e-05
7.191485201474279e-05
7.63834614190273e-05
8.393517782678828e-05
8.89189905137755e-05
7.964213727973402e-05
9.031355148181319e-05
8.284659998025745e-05
7.899431511759758e-05
7.898855255916715e-05
7.690080383326858e-05
7.669268234167248e-05
8.290175901493058e-05
7.460816414095461e-05
7.187887968029827e-05
8.016970241442323e-05
7.770919910399243e-05
8.94780969247222e-05
7.54727516323328e-05
7.7650292951148e-05
8.212587999878451e-05
8.68781644385308e-05
8.139474812196568e-05
7.452495628967881e-05
7.931145228212699e-05
8.163125312421471e-05
7.902560173533857e-05
8.012089529074728e-05
7.768110663164407e-05
7.690910570090637e-05
7.238419493660331e-05
6.942071195226163e-05
8.114535739878193e-05
8.67387352627702e-05
6.787663005525246e-05
7.047631515888497e-05
8.123750012600794e-05
7.890492270234972e-05
7.070200081216171e-05
8.027504372876137e-05
6.72149399179034e-05
8.228744263760746e-05
8.032054029172286e-05
7.365017518168315e-05
6.842867151135579e-05
7.506527617806569e-05
8.790428546490148e-05
7.401026232400909e-05
7.708498742431402e-05
6.855415995232761e-05
7.404496864182875e-05
7.918190385680646e-05
7.339428702834994e-05
7.688114419579506e-05
7.247941539390013e-05
7.849310350138694e-05
7.741528679616749e-05
9.239104110747576e-05
8.07132528279908e-05
0.00010142503742827103
8.592032099841163e-05
8.719195466255769e-05
9.071591193787754e-05
8.122342842398211e-05
8.111800707411021e-05
6.995939475018531e-05
8.594357495894656e-05
8.59364154166542e-05
7.400361209874973e-05
7.719673885731027e-05
7.950574945425615e-05
8.421164966421202e-05
7.725855539320037e-05
7.935840403661132e-05
6.508168735308573e-05
9.129846876021475e-05
8.645442721899599e-05
9.195078746415675e-05
7.766619819449261e-05
8.363685628864914e-05
7.572291360702366e-05
8.215843990910798e-05
7.726137118879706e-05
7.345686753978953e-05
8.321864879690111e-05
8.557544060749933e-05
6.726015999447554e-05
8.4873907326255e-05
8.114562660921365e-05
7.218652899609879e-05
7.583182741655037e-05
7.597031071782112e-05
7.635111251147464e-05
6.987911183387041e-05
7.592487236252055e-05
7.6486416219268e-05
8.013121987460181e-05
8.178717689588666e-05
8.839019574224949e-05
8.017292566364631e-05
7.255364471348003e-05
8.336454629898071e-05
6.885131733724847e-05
7.855499279685318e-05
6.803129508625716e-05
8.476103539578617e-05
8.535585220670328e-05
8.47962946863845e-05
7.8740602475591e-05
7.355248089879751e-05
6.988239329075441e-05
7.68514655646868e-05
8.438738586846739e-05
8.383154636248946e-05
8.821312803775072e-05
8.487917511956766e-05
7.076431211316958e-05
7.007043313933536e-05
7.548897701781243e-05
8.436354255536571e-05
7.114461914170533e-05
8.338912448380142e-05
7.073751476127654e-05
8.851938764564693e-05
7.850411930121481e-05
7.527082925662398e-05
7.142696995288134e-05
7.981272210599855e-05
8.261208131443709e-05
8.297188469441608e-05
9.154374856734648e-05
7.671806815778837e-05
7.060850475681946e-05
6.99006486684084e-05
